Vertex Count: 864

Data:

57.826 2.7202 212.583 0.0833 0.9583 0.2255 0.4909 0.8415
0.9982 2.7202 220.065 0.0833 1 -0 0.4909 0.8712
0.9982 0 220.794 0 1 -0 -0 1
57.3106 4.7115 210.66 0.1667 0.9583 0.1335 0.8567 0.4982
0.9982 4.7115 218.074 0.1667 1 -0 0.8567 0.5158
0.9982 2.7202 220.065 0.0833 1 -0 0.4909 0.8712
56.6066 5.4403 208.033 0.25 0.9583 0.0056 0.9998 0.0208
0.9982 5.4403 215.354 0.25 1 -0 0.9998 0.0216
0.9982 4.7115 218.074 0.1667 1 -0 0.8567 0.5158
55.9026 4.7115 205.405 0.3333 0.9583 -0.1251 0.8753 -0.467
0.9982 4.7115 212.633 0.3333 1 0 0.8753 -0.4835
0.9982 5.4403 215.354 0.25 1 -0 0.9998 0.0216
55.3872 2.7202 203.482 0.4167 0.9583 -0.2227 0.5096 -0.8311
0.9982 2.7202 210.642 0.4167 1 0 0.5096 -0.8604
0.9982 4.7115 212.633 0.3333 1 0 0.8753 -0.4835
55.1985 0 202.777 0.5 0.9583 -0.2588 0 -0.9659
0.9982 0 209.913 0.5 1 -0 0 -1
0.9982 2.7202 210.642 0.4167 1 0 0.5096 -0.8604
55.3872 -2.7202 203.482 0.5833 0.9583 -0.2227 -0.5096 -0.8311
0.9982 -2.7202 210.642 0.5833 1 0 -0.5096 -0.8604
0.9982 0 209.913 0.5 1 -0 0 -1
55.9026 -4.7115 205.405 0.6667 0.9583 -0.1251 -0.8753 -0.467
0.9982 -4.7115 212.633 0.6667 1 0 -0.8753 -0.4835
0.9982 -2.7202 210.642 0.5833 1 0 -0.5096 -0.8604
56.6066 -5.4403 208.033 0.75 0.9583 0.0056 -0.9998 0.0208
0.9982 -5.4403 215.354 0.75 1 -0 -0.9998 0.0216
0.9982 -4.7115 212.633 0.6667 1 0 -0.8753 -0.4835
57.3106 -4.7115 210.66 0.8333 0.9583 0.1335 -0.8567 0.4982
0.9982 -4.7115 218.074 0.8333 1 -0 -0.8567 0.5158
0.9982 -5.4403 215.354 0.75 1 -0 -0.9998 0.0216
57.826 -2.7202 212.583 0.9167 0.9583 0.2255 -0.4909 0.8415
0.9982 -2.7202 220.065 0.9167 1 -0 -0.4909 0.8712
0.9982 -4.7115 218.074 0.8333 1 -0 -0.8567 0.5158
58.0147 0 213.288 1 0.9583 0.2588 -0 0.9659
0.9982 0 220.794 1 1 -0 -0 1
0.9982 -2.7202 220.065 0.9167 1 -0 -0.4909 0.8712
110.781 2.7202 190.649 0.0833 0.9167 0.4356 0.4909 0.7545
57.826 2.7202 212.583 0.0833 0.9583 0.2255 0.4909 0.8415
58.0147 0 213.288 0 0.9583 0.2588 -0 0.9659
109.785 4.7115 188.924 0.1667 0.9167 0.2579 0.8567 0.4467
57.3106 4.7115 210.66 0.1667 0.9583 0.1335 0.8567 0.4982
57.826 2.7202 212.583 0.0833 0.9583 0.2255 0.4909 0.8415
108.425 5.4403 186.568 0.25 0.9167 0.0108 0.9998 0.0187
56.6066 5.4403 208.033 0.25 0.9583 0.0056 0.9998 0.0208
57.3106 4.7115 210.66 0.1667 0.9583 0.1335 0.8567 0.4982
107.065 4.7115 184.213 0.3333 0.9167 -0.2417 0.8754 -0.4187
55.9026 4.7115 205.405 0.3333 0.9583 -0.1251 0.8753 -0.467
56.6066 5.4403 208.033 0.25 0.9583 0.0056 0.9998 0.0208
106.07 2.7202 182.488 0.4167 0.9167 -0.4302 0.5095 -0.7452
55.3872 2.7202 203.482 0.4167 0.9583 -0.2227 0.5096 -0.8311
55.9026 4.7115 205.405 0.3333 0.9583 -0.1251 0.8753 -0.467
105.705 0 181.857 0.5 0.9167 -0.5 0 -0.866
55.1985 0 202.777 0.5 0.9583 -0.2588 0 -0.9659
55.3872 2.7202 203.482 0.4167 0.9583 -0.2227 0.5096 -0.8311
106.07 -2.7202 182.488 0.5833 0.9167 -0.4302 -0.5095 -0.7452
55.3872 -2.7202 203.482 0.5833 0.9583 -0.2227 -0.5096 -0.8311
55.1985 0 202.777 0.5 0.9583 -0.2588 0 -0.9659
107.065 -4.7115 184.213 0.6667 0.9167 -0.2417 -0.8753 -0.4187
55.9026 -4.7115 205.405 0.6667 0.9583 -0.1251 -0.8753 -0.467
55.3872 -2.7202 203.482 0.5833 0.9583 -0.2227 -0.5096 -0.8311
108.425 -5.4403 186.568 0.75 0.9167 0.0108 -0.9998 0.0187
56.6066 -5.4403 208.033 0.75 0.9583 0.0056 -0.9998 0.0208
55.9026 -4.7115 205.405 0.6667 0.9583 -0.1251 -0.8753 -0.467
109.785 -4.7115 188.924 0.8333 0.9167 0.2579 -0.8567 0.4467
57.3106 -4.7115 210.66 0.8333 0.9583 0.1335 -0.8567 0.4982
56.6066 -5.4403 208.033 0.75 0.9583 0.0056 -0.9998 0.0208
110.781 -2.7202 190.649 0.9167 0.9167 0.4356 -0.4909 0.7545
57.826 -2.7202 212.583 0.9167 0.9583 0.2255 -0.4909 0.8415
57.3106 -4.7115 210.66 0.8333 0.9583 0.1335 -0.8567 0.4982
111.146 0 191.28 1 0.9167 0.5 -0 0.866
58.0147 0 213.288 1 0.9583 0.2588 -0 0.9659
57.826 -2.7202 212.583 0.9167 0.9583 0.2255 -0.4909 0.8415
156.255 2.7202 155.756 0.0833 0.875 0.616 0.4909 0.616
110.781 2.7202 190.649 0.0833 0.9167 0.4356 0.4909 0.7545
111.146 0 191.28 0 0.9167 0.5 -0 0.866
154.847 4.7115 154.348 0.1667 0.875 0.3647 0.8567 0.3647
109.785 4.7115 188.924 0.1667 0.9167 0.2579 0.8567 0.4467
110.781 2.7202 190.649 0.0833 0.9167 0.4356 0.4909 0.7545
152.923 5.4403 152.424 0.25 0.875 0.0152 0.9998 0.0152
108.425 5.4403 186.568 0.25 0.9167 0.0108 0.9998 0.0187
109.785 4.7115 188.924 0.1667 0.9167 0.2579 0.8567 0.4467
151 4.7115 150.501 0.3333 0.875 -0.3419 0.8754 -0.3419
107.065 4.7115 184.213 0.3333 0.9167 -0.2417 0.8754 -0.4187
108.425 5.4403 186.568 0.25 0.9167 0.0108 0.9998 0.0187
149.592 2.7202 149.093 0.4167 0.875 -0.6084 0.5096 -0.6084
106.07 2.7202 182.488 0.4167 0.9167 -0.4302 0.5095 -0.7452
107.065 4.7115 184.213 0.3333 0.9167 -0.2417 0.8754 -0.4187
149.076 0 148.577 0.5 0.875 -0.7071 0 -0.7071
105.705 0 181.857 0.5 0.9167 -0.5 0 -0.866
106.07 2.7202 182.488 0.4167 0.9167 -0.4302 0.5095 -0.7452
149.592 -2.7202 149.093 0.5833 0.875 -0.6084 -0.5096 -0.6084
106.07 -2.7202 182.488 0.5833 0.9167 -0.4302 -0.5095 -0.7452
105.705 0 181.857 0.5 0.9167 -0.5 0 -0.866
151 -4.7115 150.501 0.6667 0.875 -0.3419 -0.8753 -0.3419
107.065 -4.7115 184.213 0.6667 0.9167 -0.2417 -0.8753 -0.4187
106.07 -2.7202 182.488 0.5833 0.9167 -0.4302 -0.5095 -0.7452
152.923 -5.4403 152.424 0.75 0.875 0.0152 -0.9998 0.0152
108.425 -5.4403 186.568 0.75 0.9167 0.0108 -0.9998 0.0187
107.065 -4.7115 184.213 0.6667 0.9167 -0.2417 -0.8753 -0.4187
154.847 -4.7115 154.348 0.8333 0.875 0.3647 -0.8567 0.3647
109.785 -4.7115 188.924 0.8333 0.9167 0.2579 -0.8567 0.4467
108.425 -5.4403 186.568 0.75 0.9167 0.0108 -0.9998 0.0187
156.255 -2.7202 155.756 0.9167 0.875 0.616 -0.4909 0.616
110.781 -2.7202 190.649 0.9167 0.9167 0.4356 -0.4909 0.7545
109.785 -4.7115 188.924 0.8333 0.9167 0.2579 -0.8567 0.4467
156.77 0 156.271 1 0.875 0.7071 -0 0.7071
111.146 0 191.28 1 0.9167 0.5 -0 0.866
110.781 -2.7202 190.649 0.9167 0.9167 0.4356 -0.4909 0.7545
191.148 2.7202 110.282 0.0833 0.8333 0.7545 0.4909 0.4356
156.255 2.7202 155.756 0.0833 0.875 0.616 0.4909 0.616
156.77 0 156.271 0 0.875 0.7071 -0 0.7071
189.423 4.7115 109.286 0.1667 0.8333 0.4467 0.8567 0.2579
154.847 4.7115 154.348 0.1667 0.875 0.3647 0.8567 0.3647
156.255 2.7202 155.756 0.0833 0.875 0.616 0.4909 0.616
187.068 5.4403 107.926 0.25 0.8333 0.0187 0.9998 0.0108
152.923 5.4403 152.424 0.25 0.875 0.0152 0.9998 0.0152
154.847 4.7115 154.348 0.1667 0.875 0.3647 0.8567 0.3647
184.712 4.7115 106.566 0.3333 0.8333 -0.4187 0.8754 -0.2417
151 4.7115 150.501 0.3333 0.875 -0.3419 0.8754 -0.3419
152.923 5.4403 152.424 0.25 0.875 0.0152 0.9998 0.0152
182.987 2.7202 105.571 0.4167 0.8333 -0.7452 0.5095 -0.4302
149.592 2.7202 149.093 0.4167 0.875 -0.6084 0.5096 -0.6084
151 4.7115 150.501 0.3333 0.875 -0.3419 0.8754 -0.3419
182.356 0 105.206 0.5 0.8333 -0.866 0 -0.5
149.076 0 148.577 0.5 0.875 -0.7071 0 -0.7071
149.592 2.7202 149.093 0.4167 0.875 -0.6084 0.5096 -0.6084
182.987 -2.7202 105.571 0.5833 0.8333 -0.7452 -0.5095 -0.4302
149.592 -2.7202 149.093 0.5833 0.875 -0.6084 -0.5096 -0.6084
149.076 0 148.577 0.5 0.875 -0.7071 0 -0.7071
184.712 -4.7115 106.566 0.6667 0.8333 -0.4187 -0.8753 -0.2417
151 -4.7115 150.501 0.6667 0.875 -0.3419 -0.8753 -0.3419
149.592 -2.7202 149.093 0.5833 0.875 -0.6084 -0.5096 -0.6084
187.068 -5.4403 107.926 0.75 0.8333 0.0187 -0.9998 0.0108
152.923 -5.4403 152.424 0.75 0.875 0.0152 -0.9998 0.0152
151 -4.7115 150.501 0.6667 0.875 -0.3419 -0.8753 -0.3419
189.423 -4.7115 109.286 0.8333 0.8333 0.4467 -0.8567 0.2579
154.847 -4.7115 154.348 0.8333 0.875 0.3647 -0.8567 0.3647
152.923 -5.4403 152.424 0.75 0.875 0.0152 -0.9998 0.0152
191.148 -2.7202 110.282 0.9167 0.8333 0.7545 -0.4909 0.4356
156.255 -2.7202 155.756 0.9167 0.875 0.616 -0.4909 0.616
154.847 -4.7115 154.348 0.8333 0.875 0.3647 -0.8567 0.3647
191.779 0 110.646 1 0.8333 0.866 -0 0.5
156.77 0 156.271 1 0.875 0.7071 -0 0.7071
156.255 -2.7202 155.756 0.9167 0.875 0.616 -0.4909 0.616
213.083 2.7202 57.3269 0.0833 0.7917 0.8415 0.4909 0.2255
191.148 2.7202 110.282 0.0833 0.8333 0.7545 0.4909 0.4356
191.779 0 110.646 0 0.8333 0.866 -0 0.5
211.159 4.7115 56.8115 0.1667 0.7917 0.4982 0.8567 0.1335
189.423 4.7115 109.286 0.1667 0.8333 0.4467 0.8567 0.2579
191.148 2.7202 110.282 0.0833 0.8333 0.7545 0.4909 0.4356
208.532 5.4403 56.1075 0.25 0.7917 0.0208 0.9998 0.0056
187.068 5.4403 107.926 0.25 0.8333 0.0187 0.9998 0.0108
189.423 4.7115 109.286 0.1667 0.8333 0.4467 0.8567 0.2579
205.904 4.7115 55.4035 0.3333 0.7917 -0.467 0.8753 -0.1251
184.712 4.7115 106.566 0.3333 0.8333 -0.4187 0.8754 -0.2417
187.068 5.4403 107.926 0.25 0.8333 0.0187 0.9998 0.0108
203.981 2.7202 54.8881 0.4167 0.7917 -0.8311 0.5096 -0.2227
182.987 2.7202 105.571 0.4167 0.8333 -0.7452 0.5095 -0.4302
184.712 4.7115 106.566 0.3333 0.8333 -0.4187 0.8754 -0.2417
203.277 0 54.6994 0.5 0.7917 -0.9659 0 -0.2588
182.356 0 105.206 0.5 0.8333 -0.866 0 -0.5
182.987 2.7202 105.571 0.4167 0.8333 -0.7452 0.5095 -0.4302
203.981 -2.7202 54.8881 0.5833 0.7917 -0.8311 -0.5096 -0.2227
182.987 -2.7202 105.571 0.5833 0.8333 -0.7452 -0.5095 -0.4302
182.356 0 105.206 0.5 0.8333 -0.866 0 -0.5
205.904 -4.7115 55.4035 0.6667 0.7917 -0.467 -0.8753 -0.1251
184.712 -4.7115 106.566 0.6667 0.8333 -0.4187 -0.8753 -0.2417
182.987 -2.7202 105.571 0.5833 0.8333 -0.7452 -0.5095 -0.4302
208.532 -5.4403 56.1075 0.75 0.7917 0.0208 -0.9998 0.0056
187.068 -5.4403 107.926 0.75 0.8333 0.0187 -0.9998 0.0108
184.712 -4.7115 106.566 0.6667 0.8333 -0.4187 -0.8753 -0.2417
211.159 -4.7115 56.8115 0.8333 0.7917 0.4982 -0.8567 0.1335
189.423 -4.7115 109.286 0.8333 0.8333 0.4467 -0.8567 0.2579
187.068 -5.4403 107.926 0.75 0.8333 0.0187 -0.9998 0.0108
213.083 -2.7202 57.3269 0.9167 0.7917 0.8415 -0.4909 0.2255
191.148 -2.7202 110.282 0.9167 0.8333 0.7545 -0.4909 0.4356
189.423 -4.7115 109.286 0.8333 0.8333 0.4467 -0.8567 0.2579
213.787 0 57.5156 1 0.7917 0.9659 -0 0.2588
191.779 0 110.646 1 0.8333 0.866 -0 0.5
191.148 -2.7202 110.282 0.9167 0.8333 0.7545 -0.4909 0.4356
220.564 2.7202 0.4991 0.0833 0.75 0.8712 0.4909 0
213.083 2.7202 57.3269 0.0833 0.7917 0.8415 0.4909 0.2255
213.787 0 57.5156 0 0.7917 0.9659 -0 0.2588
218.573 4.7115 0.4991 0.1667 0.75 0.5158 0.8567 0
211.159 4.7115 56.8115 0.1667 0.7917 0.4982 0.8567 0.1335
213.083 2.7202 57.3269 0.0833 0.7917 0.8415 0.4909 0.2255
215.853 5.4403 0.4991 0.25 0.75 0.0216 0.9998 0
208.532 5.4403 56.1075 0.25 0.7917 0.0208 0.9998 0.0056
211.159 4.7115 56.8115 0.1667 0.7917 0.4982 0.8567 0.1335
213.132 4.7115 0.4991 0.3333 0.75 -0.4835 0.8753 0
205.904 4.7115 55.4035 0.3333 0.7917 -0.467 0.8753 -0.1251
208.532 5.4403 56.1075 0.25 0.7917 0.0208 0.9998 0.0056
211.141 2.7202 0.4991 0.4167 0.75 -0.8604 0.5096 0
203.981 2.7202 54.8881 0.4167 0.7917 -0.8311 0.5096 -0.2227
205.904 4.7115 55.4035 0.3333 0.7917 -0.467 0.8753 -0.1251
210.412 0 0.4991 0.5 0.75 -1 0 0
203.277 0 54.6994 0.5 0.7917 -0.9659 0 -0.2588
203.981 2.7202 54.8881 0.4167 0.7917 -0.8311 0.5096 -0.2227
211.141 -2.7202 0.4991 0.5833 0.75 -0.8604 -0.5096 0
203.981 -2.7202 54.8881 0.5833 0.7917 -0.8311 -0.5096 -0.2227
203.277 0 54.6994 0.5 0.7917 -0.9659 0 -0.2588
213.132 -4.7115 0.4991 0.6667 0.75 -0.4835 -0.8753 0
205.904 -4.7115 55.4035 0.6667 0.7917 -0.467 -0.8753 -0.1251
203.981 -2.7202 54.8881 0.5833 0.7917 -0.8311 -0.5096 -0.2227
215.853 -5.4403 0.4991 0.75 0.75 0.0216 -0.9998 0
208.532 -5.4403 56.1075 0.75 0.7917 0.0208 -0.9998 0.0056
205.904 -4.7115 55.4035 0.6667 0.7917 -0.467 -0.8753 -0.1251
218.573 -4.7115 0.4991 0.8333 0.75 0.5158 -0.8567 0
211.159 -4.7115 56.8115 0.8333 0.7917 0.4982 -0.8567 0.1335
208.532 -5.4403 56.1075 0.75 0.7917 0.0208 -0.9998 0.0056
220.564 -2.7202 0.4991 0.9167 0.75 0.8712 -0.4909 0
213.083 -2.7202 57.3269 0.9167 0.7917 0.8415 -0.4909 0.2255
211.159 -4.7115 56.8115 0.8333 0.7917 0.4982 -0.8567 0.1335
221.293 0 0.4991 1 0.75 1 -0 -0
213.787 0 57.5156 1 0.7917 0.9659 -0 0.2588
213.083 -2.7202 57.3269 0.9167 0.7917 0.8415 -0.4909 0.2255
213.083 2.7202 -56.3287 0.0833 0.7083 0.8415 0.4909 -0.2255
220.564 2.7202 0.4991 0.0833 0.75 0.8712 0.4909 0
221.293 0 0.4991 0 0.75 1 -0 -0
211.159 4.7115 -55.8133 0.1667 0.7083 0.4982 0.8567 -0.1335
218.573 4.7115 0.4991 0.1667 0.75 0.5158 0.8567 0
220.564 2.7202 0.4991 0.0833 0.75 0.8712 0.4909 0
208.532 5.4403 -55.1093 0.25 0.7083 0.0208 0.9998 -0.0056
215.853 5.4403 0.4991 0.25 0.75 0.0216 0.9998 0
218.573 4.7115 0.4991 0.1667 0.75 0.5158 0.8567 0
205.904 4.7115 -54.4053 0.3333 0.7083 -0.467 0.8753 0.1251
213.132 4.7115 0.4991 0.3333 0.75 -0.4835 0.8753 0
215.853 5.4403 0.4991 0.25 0.75 0.0216 0.9998 0
203.981 2.7202 -53.8899 0.4167 0.7083 -0.8311 0.5096 0.2227
211.141 2.7202 0.4991 0.4167 0.75 -0.8604 0.5096 0
213.132 4.7115 0.4991 0.3333 0.75 -0.4835 0.8753 0
203.277 0 -53.7012 0.5 0.7083 -0.9659 0 0.2588
210.412 0 0.4991 0.5 0.75 -1 0 0
211.141 2.7202 0.4991 0.4167 0.75 -0.8604 0.5096 0
203.981 -2.7202 -53.8899 0.5833 0.7083 -0.8311 -0.5096 0.2227
211.141 -2.7202 0.4991 0.5833 0.75 -0.8604 -0.5096 0
210.412 0 0.4991 0.5 0.75 -1 0 0
205.904 -4.7115 -54.4053 0.6667 0.7083 -0.467 -0.8753 0.1251
213.132 -4.7115 0.4991 0.6667 0.75 -0.4835 -0.8753 0
211.141 -2.7202 0.4991 0.5833 0.75 -0.8604 -0.5096 0
208.532 -5.4403 -55.1093 0.75 0.7083 0.0208 -0.9998 -0.0056
215.853 -5.4403 0.4991 0.75 0.75 0.0216 -0.9998 0
213.132 -4.7115 0.4991 0.6667 0.75 -0.4835 -0.8753 0
211.159 -4.7115 -55.8133 0.8333 0.7083 0.4982 -0.8567 -0.1335
218.573 -4.7115 0.4991 0.8333 0.75 0.5158 -0.8567 0
215.853 -5.4403 0.4991 0.75 0.75 0.0216 -0.9998 0
213.083 -2.7202 -56.3287 0.9167 0.7083 0.8415 -0.4909 -0.2255
220.564 -2.7202 0.4991 0.9167 0.75 0.8712 -0.4909 0
218.573 -4.7115 0.4991 0.8333 0.75 0.5158 -0.8567 0
213.787 0 -56.5174 1 0.7083 0.9659 -0 -0.2588
221.293 0 0.4991 1 0.75 1 -0 -0
220.564 -2.7202 0.4991 0.9167 0.75 0.8712 -0.4909 0
191.148 2.7202 -109.284 0.0833 0.6667 0.7545 0.4909 -0.4356
213.083 2.7202 -56.3287 0.0833 0.7083 0.8415 0.4909 -0.2255
213.787 0 -56.5174 0 0.7083 0.9659 -0 -0.2588
189.423 4.7115 -108.288 0.1667 0.6667 0.4467 0.8567 -0.2579
211.159 4.7115 -55.8133 0.1667 0.7083 0.4982 0.8567 -0.1335
213.083 2.7202 -56.3287 0.0833 0.7083 0.8415 0.4909 -0.2255
187.068 5.4403 -106.928 0.25 0.6667 0.0187 0.9998 -0.0108
208.532 5.4403 -55.1093 0.25 0.7083 0.0208 0.9998 -0.0056
211.159 4.7115 -55.8133 0.1667 0.7083 0.4982 0.8567 -0.1335
184.712 4.7115 -105.568 0.3333 0.6667 -0.4187 0.8754 0.2417
205.904 4.7115 -54.4053 0.3333 0.7083 -0.467 0.8753 0.1251
208.532 5.4403 -55.1093 0.25 0.7083 0.0208 0.9998 -0.0056
182.987 2.7202 -104.572 0.4167 0.6667 -0.7452 0.5095 0.4302
203.981 2.7202 -53.8899 0.4167 0.7083 -0.8311 0.5096 0.2227
205.904 4.7115 -54.4053 0.3333 0.7083 -0.467 0.8753 0.1251
182.356 0 -104.208 0.5 0.6667 -0.866 0 0.5
203.277 0 -53.7012 0.5 0.7083 -0.9659 0 0.2588
203.981 2.7202 -53.8899 0.4167 0.7083 -0.8311 0.5096 0.2227
182.987 -2.7202 -104.572 0.5833 0.6667 -0.7452 -0.5095 0.4302
203.981 -2.7202 -53.8899 0.5833 0.7083 -0.8311 -0.5096 0.2227
203.277 0 -53.7012 0.5 0.7083 -0.9659 0 0.2588
184.712 -4.7115 -105.568 0.6667 0.6667 -0.4187 -0.8753 0.2417
205.904 -4.7115 -54.4053 0.6667 0.7083 -0.467 -0.8753 0.1251
203.981 -2.7202 -53.8899 0.5833 0.7083 -0.8311 -0.5096 0.2227
187.068 -5.4403 -106.928 0.75 0.6667 0.0187 -0.9998 -0.0108
208.532 -5.4403 -55.1093 0.75 0.7083 0.0208 -0.9998 -0.0056
205.904 -4.7115 -54.4053 0.6667 0.7083 -0.467 -0.8753 0.1251
189.423 -4.7115 -108.288 0.8333 0.6667 0.4467 -0.8567 -0.2579
211.159 -4.7115 -55.8133 0.8333 0.7083 0.4982 -0.8567 -0.1335
208.532 -5.4403 -55.1093 0.75 0.7083 0.0208 -0.9998 -0.0056
191.148 -2.7202 -109.284 0.9167 0.6667 0.7545 -0.4909 -0.4356
213.083 -2.7202 -56.3287 0.9167 0.7083 0.8415 -0.4909 -0.2255
211.159 -4.7115 -55.8133 0.8333 0.7083 0.4982 -0.8567 -0.1335
191.779 0 -109.648 1 0.6667 0.866 -0 -0.5
213.787 0 -56.5174 1 0.7083 0.9659 -0 -0.2588
213.083 -2.7202 -56.3287 0.9167 0.7083 0.8415 -0.4909 -0.2255
156.255 2.7202 -154.757 0.0833 0.625 0.616 0.4909 -0.616
191.148 2.7202 -109.284 0.0833 0.6667 0.7545 0.4909 -0.4356
191.779 0 -109.648 0 0.6667 0.866 -0 -0.5
154.847 4.7115 -153.349 0.1667 0.625 0.3647 0.8567 -0.3647
189.423 4.7115 -108.288 0.1667 0.6667 0.4467 0.8567 -0.2579
191.148 2.7202 -109.284 0.0833 0.6667 0.7545 0.4909 -0.4356
152.923 5.4403 -151.426 0.25 0.625 0.0152 0.9998 -0.0152
187.068 5.4403 -106.928 0.25 0.6667 0.0187 0.9998 -0.0108
189.423 4.7115 -108.288 0.1667 0.6667 0.4467 0.8567 -0.2579
151 4.7115 -149.503 0.3333 0.625 -0.3419 0.8754 0.3419
184.712 4.7115 -105.568 0.3333 0.6667 -0.4187 0.8754 0.2417
187.068 5.4403 -106.928 0.25 0.6667 0.0187 0.9998 -0.0108
149.592 2.7202 -148.094 0.4167 0.625 -0.6084 0.5096 0.6084
182.987 2.7202 -104.572 0.4167 0.6667 -0.7452 0.5095 0.4302
184.712 4.7115 -105.568 0.3333 0.6667 -0.4187 0.8754 0.2417
149.076 0 -147.579 0.5 0.625 -0.7071 0 0.7071
182.356 0 -104.208 0.5 0.6667 -0.866 0 0.5
182.987 2.7202 -104.572 0.4167 0.6667 -0.7452 0.5095 0.4302
149.592 -2.7202 -148.094 0.5833 0.625 -0.6084 -0.5096 0.6084
182.987 -2.7202 -104.572 0.5833 0.6667 -0.7452 -0.5095 0.4302
182.356 0 -104.208 0.5 0.6667 -0.866 0 0.5
151 -4.7115 -149.503 0.6667 0.625 -0.3419 -0.8753 0.3419
184.712 -4.7115 -105.568 0.6667 0.6667 -0.4187 -0.8753 0.2417
182.987 -2.7202 -104.572 0.5833 0.6667 -0.7452 -0.5095 0.4302
152.923 -5.4403 -151.426 0.75 0.625 0.0152 -0.9998 -0.0152
187.068 -5.4403 -106.928 0.75 0.6667 0.0187 -0.9998 -0.0108
184.712 -4.7115 -105.568 0.6667 0.6667 -0.4187 -0.8753 0.2417
154.847 -4.7115 -153.349 0.8333 0.625 0.3647 -0.8567 -0.3647
189.423 -4.7115 -108.288 0.8333 0.6667 0.4467 -0.8567 -0.2579
187.068 -5.4403 -106.928 0.75 0.6667 0.0187 -0.9998 -0.0108
156.255 -2.7202 -154.757 0.9167 0.625 0.616 -0.4909 -0.616
191.148 -2.7202 -109.284 0.9167 0.6667 0.7545 -0.4909 -0.4356
189.423 -4.7115 -108.288 0.8333 0.6667 0.4467 -0.8567 -0.2579
156.77 0 -155.273 1 0.625 0.7071 -0 -0.7071
191.779 0 -109.648 1 0.6667 0.866 -0 -0.5
191.148 -2.7202 -109.284 0.9167 0.6667 0.7545 -0.4909 -0.4356
110.781 2.7202 -189.65 0.0833 0.5833 0.4356 0.4909 -0.7545
156.255 2.7202 -154.757 0.0833 0.625 0.616 0.4909 -0.616
156.77 0 -155.273 0 0.625 0.7071 -0 -0.7071
109.785 4.7115 -187.926 0.1667 0.5833 0.2579 0.8567 -0.4467
154.847 4.7115 -153.349 0.1667 0.625 0.3647 0.8567 -0.3647
156.255 2.7202 -154.757 0.0833 0.625 0.616 0.4909 -0.616
108.425 5.4403 -185.57 0.25 0.5833 0.0108 0.9998 -0.0187
152.923 5.4403 -151.426 0.25 0.625 0.0152 0.9998 -0.0152
154.847 4.7115 -153.349 0.1667 0.625 0.3647 0.8567 -0.3647
107.065 4.7115 -183.214 0.3333 0.5833 -0.2417 0.8754 0.4187
151 4.7115 -149.503 0.3333 0.625 -0.3419 0.8754 0.3419
152.923 5.4403 -151.426 0.25 0.625 0.0152 0.9998 -0.0152
106.07 2.7202 -181.49 0.4167 0.5833 -0.4302 0.5095 0.7452
149.592 2.7202 -148.094 0.4167 0.625 -0.6084 0.5096 0.6084
151 4.7115 -149.503 0.3333 0.625 -0.3419 0.8754 0.3419
105.705 0 -180.859 0.5 0.5833 -0.5 0 0.866
149.076 0 -147.579 0.5 0.625 -0.7071 0 0.7071
149.592 2.7202 -148.094 0.4167 0.625 -0.6084 0.5096 0.6084
106.07 -2.7202 -181.49 0.5833 0.5833 -0.4302 -0.5095 0.7452
149.592 -2.7202 -148.094 0.5833 0.625 -0.6084 -0.5096 0.6084
149.076 0 -147.579 0.5 0.625 -0.7071 0 0.7071
107.065 -4.7115 -183.214 0.6667 0.5833 -0.2417 -0.8754 0.4187
151 -4.7115 -149.503 0.6667 0.625 -0.3419 -0.8753 0.3419
149.592 -2.7202 -148.094 0.5833 0.625 -0.6084 -0.5096 0.6084
108.425 -5.4403 -185.57 0.75 0.5833 0.0108 -0.9998 -0.0187
152.923 -5.4403 -151.426 0.75 0.625 0.0152 -0.9998 -0.0152
151 -4.7115 -149.503 0.6667 0.625 -0.3419 -0.8753 0.3419
109.785 -4.7115 -187.926 0.8333 0.5833 0.2579 -0.8567 -0.4467
154.847 -4.7115 -153.349 0.8333 0.625 0.3647 -0.8567 -0.3647
152.923 -5.4403 -151.426 0.75 0.625 0.0152 -0.9998 -0.0152
110.781 -2.7202 -189.65 0.9167 0.5833 0.4356 -0.4909 -0.7545
156.255 -2.7202 -154.757 0.9167 0.625 0.616 -0.4909 -0.616
154.847 -4.7115 -153.349 0.8333 0.625 0.3647 -0.8567 -0.3647
111.146 0 -190.282 1 0.5833 0.5 -0 -0.866
156.77 0 -155.273 1 0.625 0.7071 -0 -0.7071
156.255 -2.7202 -154.757 0.9167 0.625 0.616 -0.4909 -0.616
57.826 2.7202 -211.585 0.0833 0.5417 0.2255 0.4909 -0.8415
110.781 2.7202 -189.65 0.0833 0.5833 0.4356 0.4909 -0.7545
111.146 0 -190.282 0 0.5833 0.5 -0 -0.866
57.3106 4.7115 -209.662 0.1667 0.5417 0.1335 0.8567 -0.4982
109.785 4.7115 -187.926 0.1667 0.5833 0.2579 0.8567 -0.4467
110.781 2.7202 -189.65 0.0833 0.5833 0.4356 0.4909 -0.7545
56.6066 5.4403 -207.034 0.25 0.5417 0.0056 0.9998 -0.0208
108.425 5.4403 -185.57 0.25 0.5833 0.0108 0.9998 -0.0187
109.785 4.7115 -187.926 0.1667 0.5833 0.2579 0.8567 -0.4467
55.9026 4.7115 -204.407 0.3333 0.5417 -0.1251 0.8753 0.467
107.065 4.7115 -183.214 0.3333 0.5833 -0.2417 0.8754 0.4187
108.425 5.4403 -185.57 0.25 0.5833 0.0108 0.9998 -0.0187
55.3872 2.7202 -202.483 0.4167 0.5417 -0.2227 0.5096 0.8311
106.07 2.7202 -181.49 0.4167 0.5833 -0.4302 0.5095 0.7452
107.065 4.7115 -183.214 0.3333 0.5833 -0.2417 0.8754 0.4187
55.1985 0 -201.779 0.5 0.5417 -0.2588 0 0.9659
105.705 0 -180.859 0.5 0.5833 -0.5 0 0.866
106.07 2.7202 -181.49 0.4167 0.5833 -0.4302 0.5095 0.7452
55.3872 -2.7202 -202.483 0.5833 0.5417 -0.2227 -0.5096 0.8311
106.07 -2.7202 -181.49 0.5833 0.5833 -0.4302 -0.5095 0.7452
105.705 0 -180.859 0.5 0.5833 -0.5 0 0.866
55.9026 -4.7115 -204.407 0.6667 0.5417 -0.1251 -0.8753 0.467
107.065 -4.7115 -183.214 0.6667 0.5833 -0.2417 -0.8754 0.4187
106.07 -2.7202 -181.49 0.5833 0.5833 -0.4302 -0.5095 0.7452
56.6066 -5.4403 -207.034 0.75 0.5417 0.0056 -0.9998 -0.0208
108.425 -5.4403 -185.57 0.75 0.5833 0.0108 -0.9998 -0.0187
107.065 -4.7115 -183.214 0.6667 0.5833 -0.2417 -0.8754 0.4187
57.3106 -4.7115 -209.662 0.8333 0.5417 0.1335 -0.8567 -0.4982
109.785 -4.7115 -187.926 0.8333 0.5833 0.2579 -0.8567 -0.4467
108.425 -5.4403 -185.57 0.75 0.5833 0.0108 -0.9998 -0.0187
57.826 -2.7202 -211.585 0.9167 0.5417 0.2255 -0.4909 -0.8415
110.781 -2.7202 -189.65 0.9167 0.5833 0.4356 -0.4909 -0.7545
109.785 -4.7115 -187.926 0.8333 0.5833 0.2579 -0.8567 -0.4467
58.0147 0 -212.289 1 0.5417 0.2588 -0 -0.9659
111.146 0 -190.282 1 0.5833 0.5 -0 -0.866
110.781 -2.7202 -189.65 0.9167 0.5833 0.4356 -0.4909 -0.7545
0.9982 2.7202 -219.067 0.0833 0.5 0 0.4909 -0.8712
57.826 2.7202 -211.585 0.0833 0.5417 0.2255 0.4909 -0.8415
58.0147 0 -212.289 0 0.5417 0.2588 -0 -0.9659
0.9982 4.7115 -217.076 0.1667 0.5 0 0.8567 -0.5158
57.3106 4.7115 -209.662 0.1667 0.5417 0.1335 0.8567 -0.4982
57.826 2.7202 -211.585 0.0833 0.5417 0.2255 0.4909 -0.8415
0.9982 5.4403 -214.355 0.25 0.5 -0 0.9998 -0.0216
56.6066 5.4403 -207.034 0.25 0.5417 0.0056 0.9998 -0.0208
57.3106 4.7115 -209.662 0.1667 0.5417 0.1335 0.8567 -0.4982
0.9982 4.7115 -211.635 0.3333 0.5 -0 0.8753 0.4835
55.9026 4.7115 -204.407 0.3333 0.5417 -0.1251 0.8753 0.467
56.6066 5.4403 -207.034 0.25 0.5417 0.0056 0.9998 -0.0208
0.9982 2.7202 -209.644 0.4167 0.5 -0 0.5096 0.8604
55.3872 2.7202 -202.483 0.4167 0.5417 -0.2227 0.5096 0.8311
55.9026 4.7115 -204.407 0.3333 0.5417 -0.1251 0.8753 0.467
0.9982 0 -208.915 0.5 0.5 -0 0 1
55.1985 0 -201.779 0.5 0.5417 -0.2588 0 0.9659
55.3872 2.7202 -202.483 0.4167 0.5417 -0.2227 0.5096 0.8311
0.9982 -2.7202 -209.644 0.5833 0.5 -0 -0.5096 0.8604
55.3872 -2.7202 -202.483 0.5833 0.5417 -0.2227 -0.5096 0.8311
55.1985 0 -201.779 0.5 0.5417 -0.2588 0 0.9659
0.9982 -4.7115 -211.635 0.6667 0.5 -0 -0.8753 0.4835
55.9026 -4.7115 -204.407 0.6667 0.5417 -0.1251 -0.8753 0.467
55.3872 -2.7202 -202.483 0.5833 0.5417 -0.2227 -0.5096 0.8311
0.9982 -5.4403 -214.355 0.75 0.5 0 -0.9998 -0.0216
56.6066 -5.4403 -207.034 0.75 0.5417 0.0056 -0.9998 -0.0208
55.9026 -4.7115 -204.407 0.6667 0.5417 -0.1251 -0.8753 0.467
0.9982 -4.7115 -217.076 0.8333 0.5 0 -0.8567 -0.5158
57.3106 -4.7115 -209.662 0.8333 0.5417 0.1335 -0.8567 -0.4982
56.6066 -5.4403 -207.034 0.75 0.5417 0.0056 -0.9998 -0.0208
0.9982 -2.7202 -219.067 0.9167 0.5 0 -0.4909 -0.8712
57.826 -2.7202 -211.585 0.9167 0.5417 0.2255 -0.4909 -0.8415
57.3106 -4.7115 -209.662 0.8333 0.5417 0.1335 -0.8567 -0.4982
0.9982 0 -219.796 1 0.5 0 -0 -1
58.0147 0 -212.289 1 0.5417 0.2588 -0 -0.9659
57.826 -2.7202 -211.585 0.9167 0.5417 0.2255 -0.4909 -0.8415
-55.8296 2.7202 -211.585 0.0833 0.4583 -0.2255 0.4909 -0.8415
0.9982 2.7202 -219.067 0.0833 0.5 0 0.4909 -0.8712
0.9982 0 -219.796 0 0.5 0 -0 -1
-55.3142 4.7115 -209.662 0.1667 0.4583 -0.1335 0.8567 -0.4982
0.9982 4.7115 -217.076 0.1667 0.5 0 0.8567 -0.5158
0.9982 2.7202 -219.067 0.0833 0.5 0 0.4909 -0.8712
-54.6102 5.4403 -207.034 0.25 0.4583 -0.0056 0.9998 -0.0208
0.9982 5.4403 -214.355 0.25 0.5 -0 0.9998 -0.0216
0.9982 4.7115 -217.076 0.1667 0.5 0 0.8567 -0.5158
-53.9062 4.7115 -204.407 0.3333 0.4583 0.1251 0.8753 0.467
0.9982 4.7115 -211.635 0.3333 0.5 -0 0.8753 0.4835
0.9982 5.4403 -214.355 0.25 0.5 -0 0.9998 -0.0216
-53.3908 2.7202 -202.483 0.4167 0.4583 0.2227 0.5096 0.8311
0.9982 2.7202 -209.644 0.4167 0.5 -0 0.5096 0.8604
0.9982 4.7115 -211.635 0.3333 0.5 -0 0.8753 0.4835
-53.2021 0 -201.779 0.5 0.4583 0.2588 0 0.9659
0.9982 0 -208.915 0.5 0.5 -0 0 1
0.9982 2.7202 -209.644 0.4167 0.5 -0 0.5096 0.8604
-53.3908 -2.7202 -202.483 0.5833 0.4583 0.2227 -0.5096 0.8311
0.9982 -2.7202 -209.644 0.5833 0.5 -0 -0.5096 0.8604
0.9982 0 -208.915 0.5 0.5 -0 0 1
-53.9062 -4.7115 -204.407 0.6667 0.4583 0.1251 -0.8753 0.467
0.9982 -4.7115 -211.635 0.6667 0.5 -0 -0.8753 0.4835
0.9982 -2.7202 -209.644 0.5833 0.5 -0 -0.5096 0.8604
-54.6102 -5.4403 -207.034 0.75 0.4583 -0.0056 -0.9998 -0.0208
0.9982 -5.4403 -214.355 0.75 0.5 0 -0.9998 -0.0216
0.9982 -4.7115 -211.635 0.6667 0.5 -0 -0.8753 0.4835
-55.3142 -4.7115 -209.662 0.8333 0.4583 -0.1335 -0.8567 -0.4982
0.9982 -4.7115 -217.076 0.8333 0.5 0 -0.8567 -0.5158
0.9982 -5.4403 -214.355 0.75 0.5 0 -0.9998 -0.0216
-55.8296 -2.7202 -211.585 0.9167 0.4583 -0.2255 -0.4909 -0.8415
0.9982 -2.7202 -219.067 0.9167 0.5 0 -0.4909 -0.8712
0.9982 -4.7115 -217.076 0.8333 0.5 0 -0.8567 -0.5158
-56.0183 0 -212.289 1 0.4583 -0.2588 -0 -0.9659
0.9982 0 -219.796 1 0.5 0 -0 -1
0.9982 -2.7202 -219.067 0.9167 0.5 0 -0.4909 -0.8712
-108.785 2.7202 -189.65 0.0833 0.4167 -0.4356 0.4909 -0.7545
-55.8296 2.7202 -211.585 0.0833 0.4583 -0.2255 0.4909 -0.8415
-56.0183 0 -212.289 0 0.4583 -0.2588 -0 -0.9659
-107.789 4.7115 -187.926 0.1667 0.4167 -0.2579 0.8567 -0.4467
-55.3142 4.7115 -209.662 0.1667 0.4583 -0.1335 0.8567 -0.4982
-55.8296 2.7202 -211.585 0.0833 0.4583 -0.2255 0.4909 -0.8415
-106.429 5.4403 -185.57 0.25 0.4167 -0.0108 0.9998 -0.0187
-54.6102 5.4403 -207.034 0.25 0.4583 -0.0056 0.9998 -0.0208
-55.3142 4.7115 -209.662 0.1667 0.4583 -0.1335 0.8567 -0.4982
-105.069 4.7115 -183.215 0.3333 0.4167 0.2417 0.8754 0.4187
-53.9062 4.7115 -204.407 0.3333 0.4583 0.1251 0.8753 0.467
-54.6102 5.4403 -207.034 0.25 0.4583 -0.0056 0.9998 -0.0208
-104.073 2.7202 -181.49 0.4167 0.4167 0.4302 0.5095 0.7452
-53.3908 2.7202 -202.483 0.4167 0.4583 0.2227 0.5096 0.8311
-53.9062 4.7115 -204.407 0.3333 0.4583 0.1251 0.8753 0.467
-103.709 0 -180.859 0.5 0.4167 0.5 0 0.866
-53.2021 0 -201.779 0.5 0.4583 0.2588 0 0.9659
-53.3908 2.7202 -202.483 0.4167 0.4583 0.2227 0.5096 0.8311
-104.073 -2.7202 -181.49 0.5833 0.4167 0.4302 -0.5095 0.7452
-53.3908 -2.7202 -202.483 0.5833 0.4583 0.2227 -0.5096 0.8311
-53.2021 0 -201.779 0.5 0.4583 0.2588 0 0.9659
-105.069 -4.7115 -183.215 0.6667 0.4167 0.2417 -0.8753 0.4187
-53.9062 -4.7115 -204.407 0.6667 0.4583 0.1251 -0.8753 0.467
-53.3908 -2.7202 -202.483 0.5833 0.4583 0.2227 -0.5096 0.8311
-106.429 -5.4403 -185.57 0.75 0.4167 -0.0108 -0.9998 -0.0187
-54.6102 -5.4403 -207.034 0.75 0.4583 -0.0056 -0.9998 -0.0208
-53.9062 -4.7115 -204.407 0.6667 0.4583 0.1251 -0.8753 0.467
-107.789 -4.7115 -187.926 0.8333 0.4167 -0.2579 -0.8567 -0.4467
-55.3142 -4.7115 -209.662 0.8333 0.4583 -0.1335 -0.8567 -0.4982
-54.6102 -5.4403 -207.034 0.75 0.4583 -0.0056 -0.9998 -0.0208
-108.785 -2.7202 -189.65 0.9167 0.4167 -0.4356 -0.4909 -0.7545
-55.8296 -2.7202 -211.585 0.9167 0.4583 -0.2255 -0.4909 -0.8415
-55.3142 -4.7115 -209.662 0.8333 0.4583 -0.1335 -0.8567 -0.4982
-109.149 0 -190.282 1 0.4167 -0.5 -0 -0.866
-56.0183 0 -212.289 1 0.4583 -0.2588 -0 -0.9659
-55.8296 -2.7202 -211.585 0.9167 0.4583 -0.2255 -0.4909 -0.8415
-154.258 2.7202 -154.758 0.0833 0.375 -0.616 0.4909 -0.616
-108.785 2.7202 -189.65 0.0833 0.4167 -0.4356 0.4909 -0.7545
-109.149 0 -190.282 0 0.4167 -0.5 -0 -0.866
-152.85 4.7115 -153.349 0.1667 0.375 -0.3647 0.8567 -0.3647
-107.789 4.7115 -187.926 0.1667 0.4167 -0.2579 0.8567 -0.4467
-108.785 2.7202 -189.65 0.0833 0.4167 -0.4356 0.4909 -0.7545
-150.927 5.4403 -151.426 0.25 0.375 -0.0152 0.9998 -0.0152
-106.429 5.4403 -185.57 0.25 0.4167 -0.0108 0.9998 -0.0187
-107.789 4.7115 -187.926 0.1667 0.4167 -0.2579 0.8567 -0.4467
-149.003 4.7115 -149.503 0.3333 0.375 0.3419 0.8754 0.3419
-105.069 4.7115 -183.215 0.3333 0.4167 0.2417 0.8754 0.4187
-106.429 5.4403 -185.57 0.25 0.4167 -0.0108 0.9998 -0.0187
-147.595 2.7202 -148.094 0.4167 0.375 0.6084 0.5095 0.6084
-104.073 2.7202 -181.49 0.4167 0.4167 0.4302 0.5095 0.7452
-105.069 4.7115 -183.215 0.3333 0.4167 0.2417 0.8754 0.4187
-147.08 0 -147.579 0.5 0.375 0.7071 0 0.7071
-103.709 0 -180.859 0.5 0.4167 0.5 0 0.866
-104.073 2.7202 -181.49 0.4167 0.4167 0.4302 0.5095 0.7452
-147.595 -2.7202 -148.094 0.5833 0.375 0.6084 -0.5095 0.6084
-104.073 -2.7202 -181.49 0.5833 0.4167 0.4302 -0.5095 0.7452
-103.709 0 -180.859 0.5 0.4167 0.5 0 0.866
-149.003 -4.7115 -149.503 0.6667 0.375 0.3419 -0.8753 0.3419
-105.069 -4.7115 -183.215 0.6667 0.4167 0.2417 -0.8753 0.4187
-104.073 -2.7202 -181.49 0.5833 0.4167 0.4302 -0.5095 0.7452
-150.927 -5.4403 -151.426 0.75 0.375 -0.0152 -0.9998 -0.0152
-106.429 -5.4403 -185.57 0.75 0.4167 -0.0108 -0.9998 -0.0187
-105.069 -4.7115 -183.215 0.6667 0.4167 0.2417 -0.8753 0.4187
-152.85 -4.7115 -153.349 0.8333 0.375 -0.3647 -0.8567 -0.3647
-107.789 -4.7115 -187.926 0.8333 0.4167 -0.2579 -0.8567 -0.4467
-106.429 -5.4403 -185.57 0.75 0.4167 -0.0108 -0.9998 -0.0187
-154.258 -2.7202 -154.757 0.9167 0.375 -0.616 -0.4909 -0.616
-108.785 -2.7202 -189.65 0.9167 0.4167 -0.4356 -0.4909 -0.7545
-107.789 -4.7115 -187.926 0.8333 0.4167 -0.2579 -0.8567 -0.4467
-154.774 0 -155.273 1 0.375 -0.7071 -0 -0.7071
-109.149 0 -190.282 1 0.4167 -0.5 -0 -0.866
-108.785 -2.7202 -189.65 0.9167 0.4167 -0.4356 -0.4909 -0.7545
-189.151 2.7202 -109.284 0.0833 0.3333 -0.7545 0.4909 -0.4356
-154.258 2.7202 -154.758 0.0833 0.375 -0.616 0.4909 -0.616
-154.774 0 -155.273 0 0.375 -0.7071 -0 -0.7071
-187.427 4.7115 -108.288 0.1667 0.3333 -0.4467 0.8567 -0.2579
-152.85 4.7115 -153.349 0.1667 0.375 -0.3647 0.8567 -0.3647
-154.258 2.7202 -154.758 0.0833 0.375 -0.616 0.4909 -0.616
-185.071 5.4403 -106.928 0.25 0.3333 -0.0187 0.9998 -0.0108
-150.927 5.4403 -151.426 0.25 0.375 -0.0152 0.9998 -0.0152
-152.85 4.7115 -153.349 0.1667 0.375 -0.3647 0.8567 -0.3647
-182.715 4.7115 -105.568 0.3333 0.3333 0.4187 0.8753 0.2417
-149.003 4.7115 -149.503 0.3333 0.375 0.3419 0.8754 0.3419
-150.927 5.4403 -151.426 0.25 0.375 -0.0152 0.9998 -0.0152
-180.991 2.7202 -104.572 0.4167 0.3333 0.7452 0.5096 0.4302
-147.595 2.7202 -148.094 0.4167 0.375 0.6084 0.5095 0.6084
-149.003 4.7115 -149.503 0.3333 0.375 0.3419 0.8754 0.3419
-180.36 0 -104.208 0.5 0.3333 0.866 0 0.5
-147.08 0 -147.579 0.5 0.375 0.7071 0 0.7071
-147.595 2.7202 -148.094 0.4167 0.375 0.6084 0.5095 0.6084
-180.991 -2.7202 -104.572 0.5833 0.3333 0.7452 -0.5096 0.4302
-147.595 -2.7202 -148.094 0.5833 0.375 0.6084 -0.5095 0.6084
-147.08 0 -147.579 0.5 0.375 0.7071 0 0.7071
-182.715 -4.7115 -105.568 0.6667 0.3333 0.4187 -0.8753 0.2417
-149.003 -4.7115 -149.503 0.6667 0.375 0.3419 -0.8753 0.3419
-147.595 -2.7202 -148.094 0.5833 0.375 0.6084 -0.5095 0.6084
-185.071 -5.4403 -106.928 0.75 0.3333 -0.0187 -0.9998 -0.0108
-150.927 -5.4403 -151.426 0.75 0.375 -0.0152 -0.9998 -0.0152
-149.003 -4.7115 -149.503 0.6667 0.375 0.3419 -0.8753 0.3419
-187.427 -4.7115 -108.288 0.8333 0.3333 -0.4467 -0.8567 -0.2579
-152.85 -4.7115 -153.349 0.8333 0.375 -0.3647 -0.8567 -0.3647
-150.927 -5.4403 -151.426 0.75 0.375 -0.0152 -0.9998 -0.0152
-189.151 -2.7202 -109.284 0.9167 0.3333 -0.7545 -0.4909 -0.4356
-154.258 -2.7202 -154.757 0.9167 0.375 -0.616 -0.4909 -0.616
-152.85 -4.7115 -153.349 0.8333 0.375 -0.3647 -0.8567 -0.3647
-189.783 0 -109.648 1 0.3333 -0.866 -0 -0.5
-154.774 0 -155.273 1 0.375 -0.7071 -0 -0.7071
-154.258 -2.7202 -154.757 0.9167 0.375 -0.616 -0.4909 -0.616
-211.086 2.7202 -56.3288 0.0833 0.2917 -0.8415 0.4909 -0.2255
-189.151 2.7202 -109.284 0.0833 0.3333 -0.7545 0.4909 -0.4356
-189.783 0 -109.648 0 0.3333 -0.866 -0 -0.5
-209.163 4.7115 -55.8134 0.1667 0.2917 -0.4982 0.8567 -0.1335
-187.427 4.7115 -108.288 0.1667 0.3333 -0.4467 0.8567 -0.2579
-189.151 2.7202 -109.284 0.0833 0.3333 -0.7545 0.4909 -0.4356
-206.535 5.4403 -55.1094 0.25 0.2917 -0.0208 0.9998 -0.0056
-185.071 5.4403 -106.928 0.25 0.3333 -0.0187 0.9998 -0.0108
-187.427 4.7115 -108.288 0.1667 0.3333 -0.4467 0.8567 -0.2579
-203.908 4.7115 -54.4053 0.3333 0.2917 0.467 0.8753 0.1251
-182.715 4.7115 -105.568 0.3333 0.3333 0.4187 0.8753 0.2417
-185.071 5.4403 -106.928 0.25 0.3333 -0.0187 0.9998 -0.0108
-201.984 2.7202 -53.89 0.4167 0.2917 0.8311 0.5095 0.2227
-180.991 2.7202 -104.572 0.4167 0.3333 0.7452 0.5096 0.4302
-182.715 4.7115 -105.568 0.3333 0.3333 0.4187 0.8753 0.2417
-201.28 0 -53.7013 0.5 0.2917 0.9659 0 0.2588
-180.36 0 -104.208 0.5 0.3333 0.866 0 0.5
-180.991 2.7202 -104.572 0.4167 0.3333 0.7452 0.5096 0.4302
-201.984 -2.7202 -53.89 0.5833 0.2917 0.8311 -0.5095 0.2227
-180.991 -2.7202 -104.572 0.5833 0.3333 0.7452 -0.5096 0.4302
-180.36 0 -104.208 0.5 0.3333 0.866 0 0.5
-203.908 -4.7115 -54.4053 0.6667 0.2917 0.467 -0.8753 0.1251
-182.715 -4.7115 -105.568 0.6667 0.3333 0.4187 -0.8753 0.2417
-180.991 -2.7202 -104.572 0.5833 0.3333 0.7452 -0.5096 0.4302
-206.535 -5.4403 -55.1094 0.75 0.2917 -0.0208 -0.9998 -0.0056
-185.071 -5.4403 -106.928 0.75 0.3333 -0.0187 -0.9998 -0.0108
-182.715 -4.7115 -105.568 0.6667 0.3333 0.4187 -0.8753 0.2417
-209.163 -4.7115 -55.8134 0.8333 0.2917 -0.4982 -0.8567 -0.1335
-187.427 -4.7115 -108.288 0.8333 0.3333 -0.4467 -0.8567 -0.2579
-185.071 -5.4403 -106.928 0.75 0.3333 -0.0187 -0.9998 -0.0108
-211.086 -2.7202 -56.3288 0.9167 0.2917 -0.8415 -0.4909 -0.2255
-189.151 -2.7202 -109.284 0.9167 0.3333 -0.7545 -0.4909 -0.4356
-187.427 -4.7115 -108.288 0.8333 0.3333 -0.4467 -0.8567 -0.2579
-211.79 0 -56.5174 1 0.2917 -0.9659 -0 -0.2588
-189.783 0 -109.648 1 0.3333 -0.866 -0 -0.5
-189.151 -2.7202 -109.284 0.9167 0.3333 -0.7545 -0.4909 -0.4356
-218.568 2.7202 0.499 0.0833 0.25 -0.8712 0.4909 -0
-211.086 2.7202 -56.3288 0.0833 0.2917 -0.8415 0.4909 -0.2255
-211.79 0 -56.5174 0 0.2917 -0.9659 -0 -0.2588
-216.576 4.7115 0.499 0.1667 0.25 -0.5158 0.8567 -0
-209.163 4.7115 -55.8134 0.1667 0.2917 -0.4982 0.8567 -0.1335
-211.086 2.7202 -56.3288 0.0833 0.2917 -0.8415 0.4909 -0.2255
-213.856 5.4403 0.499 0.25 0.25 -0.0216 0.9998 0
-206.535 5.4403 -55.1094 0.25 0.2917 -0.0208 0.9998 -0.0056
-209.163 4.7115 -55.8134 0.1667 0.2917 -0.4982 0.8567 -0.1335
-211.136 4.7115 0.499 0.3333 0.25 0.4835 0.8753 0
-203.908 4.7115 -54.4053 0.3333 0.2917 0.467 0.8753 0.1251
-206.535 5.4403 -55.1094 0.25 0.2917 -0.0208 0.9998 -0.0056
-209.145 2.7202 0.499 0.4167 0.25 0.8604 0.5096 0
-201.984 2.7202 -53.89 0.4167 0.2917 0.8311 0.5095 0.2227
-203.908 4.7115 -54.4053 0.3333 0.2917 0.467 0.8753 0.1251
-208.416 0 0.499 0.5 0.25 1 0 0
-201.28 0 -53.7013 0.5 0.2917 0.9659 0 0.2588
-201.984 2.7202 -53.89 0.4167 0.2917 0.8311 0.5095 0.2227
-209.145 -2.7202 0.499 0.5833 0.25 0.8604 -0.5096 0
-201.984 -2.7202 -53.89 0.5833 0.2917 0.8311 -0.5095 0.2227
-201.28 0 -53.7013 0.5 0.2917 0.9659 0 0.2588
-211.136 -4.7115 0.499 0.6667 0.25 0.4835 -0.8753 0
-203.908 -4.7115 -54.4053 0.6667 0.2917 0.467 -0.8753 0.1251
-201.984 -2.7202 -53.89 0.5833 0.2917 0.8311 -0.5095 0.2227
-213.856 -5.4403 0.499 0.75 0.25 -0.0216 -0.9998 -0
-206.535 -5.4403 -55.1094 0.75 0.2917 -0.0208 -0.9998 -0.0056
-203.908 -4.7115 -54.4053 0.6667 0.2917 0.467 -0.8753 0.1251
-216.576 -4.7115 0.499 0.8333 0.25 -0.5158 -0.8567 -0
-209.163 -4.7115 -55.8134 0.8333 0.2917 -0.4982 -0.8567 -0.1335
-206.535 -5.4403 -55.1094 0.75 0.2917 -0.0208 -0.9998 -0.0056
-218.568 -2.7202 0.499 0.9167 0.25 -0.8712 -0.4909 -0
-211.086 -2.7202 -56.3288 0.9167 0.2917 -0.8415 -0.4909 -0.2255
-209.163 -4.7115 -55.8134 0.8333 0.2917 -0.4982 -0.8567 -0.1335
-219.296 0 0.499 1 0.25 -1 -0 -0
-211.79 0 -56.5174 1 0.2917 -0.9659 -0 -0.2588
-211.086 -2.7202 -56.3288 0.9167 0.2917 -0.8415 -0.4909 -0.2255
-211.086 2.7202 57.3268 0.0833 0.2083 -0.8415 0.4909 0.2255
-218.568 2.7202 0.499 0.0833 0.25 -0.8712 0.4909 -0
-219.296 0 0.499 0 0.25 -1 -0 -0
-209.163 4.7115 56.8115 0.1667 0.2083 -0.4982 0.8567 0.1335
-216.576 4.7115 0.499 0.1667 0.25 -0.5158 0.8567 -0
-218.568 2.7202 0.499 0.0833 0.25 -0.8712 0.4909 -0
-206.535 5.4403 56.1074 0.25 0.2083 -0.0208 0.9998 0.0056
-213.856 5.4403 0.499 0.25 0.25 -0.0216 0.9998 0
-216.576 4.7115 0.499 0.1667 0.25 -0.5158 0.8567 -0
-203.908 4.7115 55.4034 0.3333 0.2083 0.467 0.8754 -0.1251
-211.136 4.7115 0.499 0.3333 0.25 0.4835 0.8753 0
-213.856 5.4403 0.499 0.25 0.25 -0.0216 0.9998 0
-201.984 2.7202 54.888 0.4167 0.2083 0.8311 0.5096 -0.2227
-209.145 2.7202 0.499 0.4167 0.25 0.8604 0.5096 0
-211.136 4.7115 0.499 0.3333 0.25 0.4835 0.8753 0
-201.28 0 54.6994 0.5 0.2083 0.9659 0 -0.2588
-208.416 0 0.499 0.5 0.25 1 0 0
-209.145 2.7202 0.499 0.4167 0.25 0.8604 0.5096 0
-201.984 -2.7202 54.888 0.5833 0.2083 0.8311 -0.5096 -0.2227
-209.145 -2.7202 0.499 0.5833 0.25 0.8604 -0.5096 0
-208.416 0 0.499 0.5 0.25 1 0 0
-203.908 -4.7115 55.4034 0.6667 0.2083 0.467 -0.8754 -0.1251
-211.136 -4.7115 0.499 0.6667 0.25 0.4835 -0.8753 0
-209.145 -2.7202 0.499 0.5833 0.25 0.8604 -0.5096 0
-206.535 -5.4403 56.1074 0.75 0.2083 -0.0208 -0.9998 0.0056
-213.856 -5.4403 0.499 0.75 0.25 -0.0216 -0.9998 -0
-211.136 -4.7115 0.499 0.6667 0.25 0.4835 -0.8753 0
-209.163 -4.7115 56.8115 0.8333 0.2083 -0.4982 -0.8567 0.1335
-216.576 -4.7115 0.499 0.8333 0.25 -0.5158 -0.8567 -0
-213.856 -5.4403 0.499 0.75 0.25 -0.0216 -0.9998 -0
-211.086 -2.7202 57.3268 0.9167 0.2083 -0.8415 -0.4909 0.2255
-218.568 -2.7202 0.499 0.9167 0.25 -0.8712 -0.4909 -0
-216.576 -4.7115 0.499 0.8333 0.25 -0.5158 -0.8567 -0
-211.79 0 57.5155 1 0.2083 -0.9659 -0 0.2588
-219.296 0 0.499 1 0.25 -1 -0 -0
-218.568 -2.7202 0.499 0.9167 0.25 -0.8712 -0.4909 -0
-189.152 2.7202 110.282 0.0833 0.1667 -0.7545 0.4909 0.4356
-211.086 2.7202 57.3268 0.0833 0.2083 -0.8415 0.4909 0.2255
-211.79 0 57.5155 0 0.2083 -0.9659 -0 0.2588
-187.427 4.7115 109.286 0.1667 0.1667 -0.4467 0.8567 0.2579
-209.163 4.7115 56.8115 0.1667 0.2083 -0.4982 0.8567 0.1335
-211.086 2.7202 57.3268 0.0833 0.2083 -0.8415 0.4909 0.2255
-185.071 5.4403 107.926 0.25 0.1667 -0.0187 0.9998 0.0108
-206.535 5.4403 56.1074 0.25 0.2083 -0.0208 0.9998 0.0056
-209.163 4.7115 56.8115 0.1667 0.2083 -0.4982 0.8567 0.1335
-182.715 4.7115 106.566 0.3333 0.1667 0.4187 0.8753 -0.2417
-203.908 4.7115 55.4034 0.3333 0.2083 0.467 0.8754 -0.1251
-206.535 5.4403 56.1074 0.25 0.2083 -0.0208 0.9998 0.0056
-180.991 2.7202 105.571 0.4167 0.1667 0.7452 0.5096 -0.4302
-201.984 2.7202 54.888 0.4167 0.2083 0.8311 0.5096 -0.2227
-203.908 4.7115 55.4034 0.3333 0.2083 0.467 0.8754 -0.1251
-180.36 0 105.206 0.5 0.1667 0.866 0 -0.5
-201.28 0 54.6994 0.5 0.2083 0.9659 0 -0.2588
-201.984 2.7202 54.888 0.4167 0.2083 0.8311 0.5096 -0.2227
-180.991 -2.7202 105.571 0.5833 0.1667 0.7452 -0.5096 -0.4302
-201.984 -2.7202 54.888 0.5833 0.2083 0.8311 -0.5096 -0.2227
-201.28 0 54.6994 0.5 0.2083 0.9659 0 -0.2588
-182.715 -4.7115 106.566 0.6667 0.1667 0.4187 -0.8753 -0.2417
-203.908 -4.7115 55.4034 0.6667 0.2083 0.467 -0.8754 -0.1251
-201.984 -2.7202 54.888 0.5833 0.2083 0.8311 -0.5096 -0.2227
-185.071 -5.4403 107.926 0.75 0.1667 -0.0187 -0.9998 0.0108
-206.535 -5.4403 56.1074 0.75 0.2083 -0.0208 -0.9998 0.0056
-203.908 -4.7115 55.4034 0.6667 0.2083 0.467 -0.8754 -0.1251
-187.427 -4.7115 109.286 0.8333 0.1667 -0.4467 -0.8567 0.2579
-209.163 -4.7115 56.8115 0.8333 0.2083 -0.4982 -0.8567 0.1335
-206.535 -5.4403 56.1074 0.75 0.2083 -0.0208 -0.9998 0.0056
-189.152 -2.7202 110.282 0.9167 0.1667 -0.7545 -0.4909 0.4356
-211.086 -2.7202 57.3268 0.9167 0.2083 -0.8415 -0.4909 0.2255
-209.163 -4.7115 56.8115 0.8333 0.2083 -0.4982 -0.8567 0.1335
-189.783 0 110.646 1 0.1667 -0.866 -0 0.5
-211.79 0 57.5155 1 0.2083 -0.9659 -0 0.2588
-211.086 -2.7202 57.3268 0.9167 0.2083 -0.8415 -0.4909 0.2255
-154.258 2.7202 155.755 0.0833 0.125 -0.616 0.4909 0.616
-189.152 2.7202 110.282 0.0833 0.1667 -0.7545 0.4909 0.4356
-189.783 0 110.646 0 0.1667 -0.866 -0 0.5
-152.85 4.7115 154.348 0.1667 0.125 -0.3647 0.8567 0.3647
-187.427 4.7115 109.286 0.1667 0.1667 -0.4467 0.8567 0.2579
-189.152 2.7202 110.282 0.0833 0.1667 -0.7545 0.4909 0.4356
-150.927 5.4403 152.424 0.25 0.125 -0.0152 0.9998 0.0152
-185.071 5.4403 107.926 0.25 0.1667 -0.0187 0.9998 0.0108
-187.427 4.7115 109.286 0.1667 0.1667 -0.4467 0.8567 0.2579
-149.003 4.7115 150.501 0.3333 0.125 0.3419 0.8753 -0.3419
-182.715 4.7115 106.566 0.3333 0.1667 0.4187 0.8753 -0.2417
-185.071 5.4403 107.926 0.25 0.1667 -0.0187 0.9998 0.0108
-147.595 2.7202 149.092 0.4167 0.125 0.6084 0.5096 -0.6084
-180.991 2.7202 105.571 0.4167 0.1667 0.7452 0.5096 -0.4302
-182.715 4.7115 106.566 0.3333 0.1667 0.4187 0.8753 -0.2417
-147.08 0 148.577 0.5 0.125 0.7071 0 -0.7071
-180.36 0 105.206 0.5 0.1667 0.866 0 -0.5
-180.991 2.7202 105.571 0.4167 0.1667 0.7452 0.5096 -0.4302
-147.595 -2.7202 149.092 0.5833 0.125 0.6084 -0.5096 -0.6084
-180.991 -2.7202 105.571 0.5833 0.1667 0.7452 -0.5096 -0.4302
-180.36 0 105.206 0.5 0.1667 0.866 0 -0.5
-149.003 -4.7115 150.501 0.6667 0.125 0.3419 -0.8753 -0.3419
-182.715 -4.7115 106.566 0.6667 0.1667 0.4187 -0.8753 -0.2417
-180.991 -2.7202 105.571 0.5833 0.1667 0.7452 -0.5096 -0.4302
-150.927 -5.4403 152.424 0.75 0.125 -0.0152 -0.9998 0.0152
-185.071 -5.4403 107.926 0.75 0.1667 -0.0187 -0.9998 0.0108
-182.715 -4.7115 106.566 0.6667 0.1667 0.4187 -0.8753 -0.2417
-152.85 -4.7115 154.348 0.8333 0.125 -0.3647 -0.8567 0.3647
-187.427 -4.7115 109.286 0.8333 0.1667 -0.4467 -0.8567 0.2579
-185.071 -5.4403 107.926 0.75 0.1667 -0.0187 -0.9998 0.0108
-154.258 -2.7202 155.755 0.9167 0.125 -0.616 -0.4909 0.616
-189.152 -2.7202 110.282 0.9167 0.1667 -0.7545 -0.4909 0.4356
-187.427 -4.7115 109.286 0.8333 0.1667 -0.4467 -0.8567 0.2579
-154.774 0 156.271 1 0.125 -0.7071 -0 0.7071
-189.783 0 110.646 1 0.1667 -0.866 -0 0.5
-189.152 -2.7202 110.282 0.9167 0.1667 -0.7545 -0.4909 0.4356
-108.785 2.7202 190.649 0.0833 0.0833 -0.4356 0.4909 0.7545
-154.258 2.7202 155.755 0.0833 0.125 -0.616 0.4909 0.616
-154.774 0 156.271 0 0.125 -0.7071 -0 0.7071
-107.789 4.7115 188.924 0.1667 0.0833 -0.2579 0.8567 0.4467
-152.85 4.7115 154.348 0.1667 0.125 -0.3647 0.8567 0.3647
-154.258 2.7202 155.755 0.0833 0.125 -0.616 0.4909 0.616
-106.429 5.4403 186.568 0.25 0.0833 -0.0108 0.9998 0.0187
-150.927 5.4403 152.424 0.25 0.125 -0.0152 0.9998 0.0152
-152.85 4.7115 154.348 0.1667 0.125 -0.3647 0.8567 0.3647
-105.069 4.7115 184.213 0.3333 0.0833 0.2417 0.8753 -0.4187
-149.003 4.7115 150.501 0.3333 0.125 0.3419 0.8753 -0.3419
-150.927 5.4403 152.424 0.25 0.125 -0.0152 0.9998 0.0152
-104.073 2.7202 182.488 0.4167 0.0833 0.4302 0.5095 -0.7452
-147.595 2.7202 149.092 0.4167 0.125 0.6084 0.5096 -0.6084
-149.003 4.7115 150.501 0.3333 0.125 0.3419 0.8753 -0.3419
-103.709 0 181.857 0.5 0.0833 0.5 0 -0.866
-147.08 0 148.577 0.5 0.125 0.7071 0 -0.7071
-147.595 2.7202 149.092 0.4167 0.125 0.6084 0.5096 -0.6084
-104.073 -2.7202 182.488 0.5833 0.0833 0.4302 -0.5095 -0.7452
-147.595 -2.7202 149.092 0.5833 0.125 0.6084 -0.5096 -0.6084
-147.08 0 148.577 0.5 0.125 0.7071 0 -0.7071
-105.069 -4.7115 184.213 0.6667 0.0833 0.2417 -0.8753 -0.4187
-149.003 -4.7115 150.501 0.6667 0.125 0.3419 -0.8753 -0.3419
-147.595 -2.7202 149.092 0.5833 0.125 0.6084 -0.5096 -0.6084
-106.429 -5.4403 186.568 0.75 0.0833 -0.0108 -0.9998 0.0187
-150.927 -5.4403 152.424 0.75 0.125 -0.0152 -0.9998 0.0152
-149.003 -4.7115 150.501 0.6667 0.125 0.3419 -0.8753 -0.3419
-107.789 -4.7115 188.924 0.8333 0.0833 -0.2579 -0.8567 0.4467
-152.85 -4.7115 154.348 0.8333 0.125 -0.3647 -0.8567 0.3647
-150.927 -5.4403 152.424 0.75 0.125 -0.0152 -0.9998 0.0152
-108.785 -2.7202 190.649 0.9167 0.0833 -0.4356 -0.4909 0.7545
-154.258 -2.7202 155.755 0.9167 0.125 -0.616 -0.4909 0.616
-152.85 -4.7115 154.348 0.8333 0.125 -0.3647 -0.8567 0.3647
-109.149 0 191.28 1 0.0833 -0.5 -0 0.866
-154.774 0 156.271 1 0.125 -0.7071 -0 0.7071
-154.258 -2.7202 155.755 0.9167 0.125 -0.616 -0.4909 0.616
-55.8297 2.7202 212.583 0.0833 0.0417 -0.2255 0.4909 0.8415
-108.785 2.7202 190.649 0.0833 0.0833 -0.4356 0.4909 0.7545
-109.149 0 191.28 0 0.0833 -0.5 -0 0.866
-55.3143 4.7115 210.66 0.1667 0.0417 -0.1335 0.8567 0.4982
-107.789 4.7115 188.924 0.1667 0.0833 -0.2579 0.8567 0.4467
-108.785 2.7202 190.649 0.0833 0.0833 -0.4356 0.4909 0.7545
-54.6103 5.4403 208.033 0.25 0.0417 -0.0056 0.9998 0.0208
-106.429 5.4403 186.568 0.25 0.0833 -0.0108 0.9998 0.0187
-107.789 4.7115 188.924 0.1667 0.0833 -0.2579 0.8567 0.4467
-53.9063 4.7115 205.405 0.3333 0.0417 0.1251 0.8753 -0.467
-105.069 4.7115 184.213 0.3333 0.0833 0.2417 0.8753 -0.4187
-106.429 5.4403 186.568 0.25 0.0833 -0.0108 0.9998 0.0187
-53.3909 2.7202 203.482 0.4167 0.0417 0.2227 0.5095 -0.8311
-104.073 2.7202 182.488 0.4167 0.0833 0.4302 0.5095 -0.7452
-105.069 4.7115 184.213 0.3333 0.0833 0.2417 0.8753 -0.4187
-53.2022 0 202.777 0.5 0.0417 0.2588 0 -0.9659
-103.709 0 181.857 0.5 0.0833 0.5 0 -0.866
-104.073 2.7202 182.488 0.4167 0.0833 0.4302 0.5095 -0.7452
-53.3909 -2.7202 203.482 0.5833 0.0417 0.2227 -0.5095 -0.8311
-104.073 -2.7202 182.488 0.5833 0.0833 0.4302 -0.5095 -0.7452
-103.709 0 181.857 0.5 0.0833 0.5 0 -0.866
-53.9063 -4.7115 205.405 0.6667 0.0417 0.1251 -0.8753 -0.467
-105.069 -4.7115 184.213 0.6667 0.0833 0.2417 -0.8753 -0.4187
-104.073 -2.7202 182.488 0.5833 0.0833 0.4302 -0.5095 -0.7452
-54.6103 -5.4403 208.033 0.75 0.0417 -0.0056 -0.9998 0.0208
-106.429 -5.4403 186.568 0.75 0.0833 -0.0108 -0.9998 0.0187
-105.069 -4.7115 184.213 0.6667 0.0833 0.2417 -0.8753 -0.4187
-55.3143 -4.7115 210.66 0.8333 0.0417 -0.1335 -0.8567 0.4982
-107.789 -4.7115 188.924 0.8333 0.0833 -0.2579 -0.8567 0.4467
-106.429 -5.4403 186.568 0.75 0.0833 -0.0108 -0.9998 0.0187
-55.8297 -2.7202 212.583 0.9167 0.0417 -0.2255 -0.4909 0.8415
-108.785 -2.7202 190.649 0.9167 0.0833 -0.4356 -0.4909 0.7545
-107.789 -4.7115 188.924 0.8333 0.0833 -0.2579 -0.8567 0.4467
-56.0184 0 213.287 1 0.0417 -0.2588 -0 0.9659
-109.149 0 191.28 1 0.0833 -0.5 -0 0.866
-108.785 -2.7202 190.649 0.9167 0.0833 -0.4356 -0.4909 0.7545
0.9982 2.7202 220.065 0.0833 0 -0 0.4909 0.8712
-55.8297 2.7202 212.583 0.0833 0.0417 -0.2255 0.4909 0.8415
-56.0184 0 213.287 0 0.0417 -0.2588 -0 0.9659
0.9982 4.7115 218.074 0.1667 0 -0 0.8567 0.5158
-55.3143 4.7115 210.66 0.1667 0.0417 -0.1335 0.8567 0.4982
-55.8297 2.7202 212.583 0.0833 0.0417 -0.2255 0.4909 0.8415
0.9982 5.4403 215.354 0.25 0 -0 0.9998 0.0216
-54.6103 5.4403 208.033 0.25 0.0417 -0.0056 0.9998 0.0208
-55.3143 4.7115 210.66 0.1667 0.0417 -0.1335 0.8567 0.4982
0.9982 4.7115 212.633 0.3333 0 0 0.8753 -0.4835
-53.9063 4.7115 205.405 0.3333 0.0417 0.1251 0.8753 -0.467
-54.6103 5.4403 208.033 0.25 0.0417 -0.0056 0.9998 0.0208
0.9982 2.7202 210.642 0.4167 0 0 0.5096 -0.8604
-53.3909 2.7202 203.482 0.4167 0.0417 0.2227 0.5095 -0.8311
-53.9063 4.7115 205.405 0.3333 0.0417 0.1251 0.8753 -0.467
0.9982 0 209.913 0.5 0 -0 0 -1
-53.2022 0 202.777 0.5 0.0417 0.2588 0 -0.9659
-53.3909 2.7202 203.482 0.4167 0.0417 0.2227 0.5095 -0.8311
0.9982 -2.7202 210.642 0.5833 0 0 -0.5096 -0.8604
-53.3909 -2.7202 203.482 0.5833 0.0417 0.2227 -0.5095 -0.8311
-53.2022 0 202.777 0.5 0.0417 0.2588 0 -0.9659
0.9982 -4.7115 212.633 0.6667 0 0 -0.8753 -0.4835
-53.9063 -4.7115 205.405 0.6667 0.0417 0.1251 -0.8753 -0.467
-53.3909 -2.7202 203.482 0.5833 0.0417 0.2227 -0.5095 -0.8311
0.9982 -5.4403 215.354 0.75 0 -0 -0.9998 0.0216
-54.6103 -5.4403 208.033 0.75 0.0417 -0.0056 -0.9998 0.0208
-53.9063 -4.7115 205.405 0.6667 0.0417 0.1251 -0.8753 -0.467
0.9982 -4.7115 218.074 0.8333 0 -0 -0.8567 0.5158
-55.3143 -4.7115 210.66 0.8333 0.0417 -0.1335 -0.8567 0.4982
-54.6103 -5.4403 208.033 0.75 0.0417 -0.0056 -0.9998 0.0208
0.9982 -2.7202 220.065 0.9167 0 -0 -0.4909 0.8712
-55.8297 -2.7202 212.583 0.9167 0.0417 -0.2255 -0.4909 0.8415
-55.3143 -4.7115 210.66 0.8333 0.0417 -0.1335 -0.8567 0.4982
0.9982 0 220.794 1 0 -0 -0 1
-56.0184 0 213.287 1 0.0417 -0.2588 -0 0.9659
-55.8297 -2.7202 212.583 0.9167 0.0417 -0.2255 -0.4909 0.8415
