Vertex Count: 282

Data:

7.8721 0 29.5881 0 0 0 -0.9956 0.0935
-43.1259 0 29.5881 1 0 -0.3605 -0.8495 0.3853
-43.1259 0 -27.9291 1 1 -0.3605 -0.8495 -0.3853
35.6359 86.4666 6.0746 1 0 0.7509 0.3653 0.5502
35.6359 86.4666 -4.4156 1 1 0.7509 0.3653 -0.5502
-11.4669 86.4666 -4.4156 0 1 -0.3431 0.7051 -0.6206
25.6695 23.2669 -137.429 1 0 0.7042 0.551 -0.4477
25.6695 22.7998 -137.429 1 1 0.7042 -0.551 -0.4477
2.8715 22.7998 -137.429 0 1 -0.41 -0.5979 -0.6888
18.5721 31.2666 14.7881 1 0 0.5774 -0.5774 -0.5774
18.5721 14.8 14.7881 1 1 0.5774 0.5774 -0.5774
18.5721 14.8 -13.1291 0 1 0.5774 0.5774 0.5774
2.8715 23.2669 139.088 1 0 -0.41 0.5979 0.6888
2.8715 22.7998 139.088 1 1 -0.41 -0.5979 0.6888
25.6695 22.7998 139.088 0 1 0.7042 -0.551 0.4477
-98.3259 5.317 -7.4291 1 0 -0.8358 0.3616 -0.4132
-98.3259 0.2504 -7.4291 1 1 -0.6829 -0.6098 -0.4024
-98.3259 0.2504 9.0881 0 1 -0.6829 -0.6098 0.4024
-34.0259 9.1 77.5881 1 1 -0.5048 -0.5489 0.6663
-43.1259 0 29.5881 1 1 -0.3605 -0.8495 0.3853
7.8721 0 29.5881 0 1 0 -0.9956 0.0935
-1.2279 9.1 -75.9291 1 1 0.0158 -0.6504 -0.7594
7.8721 0 -27.9291 1 1 0 -0.9956 -0.0935
-43.1259 0 -27.9291 0 1 -0.3605 -0.8495 -0.3853
-34.0259 36.9666 -75.9291 0 0 -0.5048 0.5489 -0.6663
-43.1259 46.0666 -27.9291 0 0 -0.4983 0.8188 -0.2851
7.8721 46.0666 -27.9291 1 0 0.0068 0.9946 -0.1036
-1.2279 36.9666 77.5881 0 0 0.0158 0.6504 0.7594
7.8721 46.0666 29.5881 0 0 0.0068 0.9946 0.1036
-43.1259 46.0666 29.5881 1 0 -0.4983 0.8188 0.2851
-1.2279 36.9666 -75.9291 1 0 0.6478 -0.5118 0.5643
7.8721 46.0666 -27.9291 1 0 0.6719 -0.6514 -0.3523
7.8721 0 -27.9291 1 1 0.6719 0.6514 -0.3523
-14.7615 16.0798 -63.7273 0 1 -0.6933 0.5171 0.5019
-20.7323 10.1091 -32.2333 0 1 -0.4603 0.6328 -0.6226
-20.7323 35.9575 -32.2333 0 0 -0.4604 -0.633 -0.6223
-1.2279 9.1 77.5881 0 1 0.6478 0.5118 -0.5643
7.8721 0 29.5881 0 1 0.6719 0.6514 0.3523
7.8721 46.0666 29.5881 0 0 0.6719 -0.6514 0.3523
-14.7615 29.9868 65.3863 1 0 -0.6933 -0.517 -0.5021
-20.7323 35.9575 33.8923 1 0 -0.4604 -0.633 0.6223
-20.7323 10.1091 33.8923 1 1 -0.4603 0.6328 0.6226
-36.573 29.9868 -67.8624 0 0 -0.9555 -0.2607 0.138
-34.0259 36.9666 -75.9291 0 0 -0.5048 0.5489 -0.6663
-34.0259 9.1 -75.9291 0 1 -0.5048 -0.5489 -0.6663
-36.573 16.0798 69.5214 1 1 -0.9555 0.2606 -0.1382
-34.0259 9.1 77.5881 1 1 -0.5048 -0.5489 0.6663
-34.0259 36.9666 77.5881 1 0 -0.5048 0.5489 0.6663
-42.5437 10.1091 -36.3684 0 1 -0.8929 0.2459 -0.3772
-43.1259 0 -27.9291 0 1 -0.3605 -0.8495 -0.3853
-43.1259 46.0666 -27.9291 0 0 -0.4983 0.8188 -0.2851
-42.5437 35.9575 38.0274 1 0 -0.8929 -0.2458 0.3772
-43.1259 46.0666 29.5881 1 0 -0.4983 0.8188 0.2851
-43.1259 0 29.5881 1 1 -0.3605 -0.8495 0.3853
-42.5437 10.1091 38.0274 1 1 -0.8929 0.2459 0.3772
-43.1259 0 29.5881 1 1 -0.3605 -0.8495 0.3853
-34.0259 9.1 77.5881 1 1 -0.5048 -0.5489 0.6663
-36.573 16.0798 -67.8624 0 1 -0.9555 0.2606 0.1382
-34.0259 9.1 -75.9291 0 1 -0.5048 -0.5489 -0.6663
-43.1259 0 -27.9291 0 1 -0.3605 -0.8495 -0.3853
-42.5437 35.9575 -36.3684 0 0 -0.8929 -0.2458 -0.3772
-43.1259 46.0666 -27.9291 0 0 -0.4983 0.8188 -0.2851
-34.0259 36.9666 -75.9291 0 0 -0.5048 0.5489 -0.6663
-36.573 29.9868 69.5214 1 0 -0.9555 -0.2607 -0.138
-34.0259 36.9666 77.5881 1 0 -0.5048 0.5489 0.6663
-43.1259 46.0666 29.5881 1 0 -0.4983 0.8188 0.2851
-20.7323 10.1091 -32.2333 0 1 -0.4603 0.6328 -0.6226
-42.5437 10.1091 -36.3684 0 1 -0.8929 0.2459 -0.3772
-42.5437 35.9575 -36.3684 0 0 -0.8929 -0.2458 -0.3772
-14.7615 16.0798 -63.7273 0 1 -0.6933 0.5171 0.5019
-36.573 16.0798 -67.8624 0 1 -0.9555 0.2606 0.1382
-42.5437 10.1091 -36.3684 0 1 -0.8929 0.2459 -0.3772
-14.7615 29.9868 -63.7273 0 0 -0.6933 -0.517 0.5021
-36.573 29.9868 -67.8624 0 0 -0.9555 -0.2607 0.138
-36.573 16.0798 -67.8624 0 1 -0.9555 0.2606 0.1382
-20.7323 35.9575 -32.2333 0 0 -0.4604 -0.633 -0.6223
-42.5437 35.9575 -36.3684 0 0 -0.8929 -0.2458 -0.3772
-36.573 29.9868 -67.8624 0 0 -0.9555 -0.2607 0.138
-20.7323 35.9575 33.8923 1 0 -0.4604 -0.633 0.6223
-42.5437 35.9575 38.0274 1 0 -0.8929 -0.2458 0.3772
-42.5437 10.1091 38.0274 1 1 -0.8929 0.2459 0.3772
-14.7615 29.9868 65.3863 1 0 -0.6933 -0.517 -0.5021
-36.573 29.9868 69.5214 1 0 -0.9555 -0.2607 -0.138
-42.5437 35.9575 38.0274 1 0 -0.8929 -0.2458 0.3772
-14.7615 16.0798 65.3863 1 1 -0.6933 0.5171 -0.5019
-36.573 16.0798 69.5214 1 1 -0.9555 0.2606 -0.1382
-36.573 29.9868 69.5214 1 0 -0.9555 -0.2607 -0.138
-20.7323 10.1091 33.8923 1 1 -0.4603 0.6328 0.6226
-42.5437 10.1091 38.0274 1 1 -0.8929 0.2459 0.3772
-36.573 16.0798 69.5214 1 1 -0.9555 0.2606 -0.1382
-82.1259 0.2934 -16.4291 1 1 -0.285 -0.6816 -0.674
-43.1259 0 -27.9291 1 1 -0.3605 -0.8495 -0.3853
-43.1259 0 29.5881 0 1 -0.3605 -0.8495 0.3853
-82.1259 16.8348 18.0881 0 0 -0.5991 0.498 0.627
-43.1259 46.0666 29.5881 0 0 -0.4983 0.8188 0.2851
-43.1259 46.0666 -27.9291 1 0 -0.4983 0.8188 -0.2851
-82.1259 16.8348 -16.4291 1 0 -0.5991 0.498 -0.627
-43.1259 46.0666 -27.9291 1 0 -0.4983 0.8188 -0.2851
-43.1259 0 -27.9291 1 1 -0.3605 -0.8495 -0.3853
-82.1259 0.2934 18.0881 0 1 -0.285 -0.6816 0.674
-43.1259 0 29.5881 0 1 -0.3605 -0.8495 0.3853
-43.1259 46.0666 29.5881 0 0 -0.4983 0.8188 0.2851
-98.3259 0.2504 -7.4291 1 1 -0.6829 -0.6098 -0.4024
-82.1259 0.2934 -16.4291 1 1 -0.285 -0.6816 -0.674
-82.1259 0.2934 18.0881 0 1 -0.285 -0.6816 0.674
-98.3259 5.317 -7.4291 1 0 -0.8358 0.3616 -0.4132
-82.1259 16.8348 -16.4291 1 0 -0.5991 0.498 -0.627
-82.1259 0.2934 -16.4291 1 1 -0.285 -0.6816 -0.674
-98.3259 5.317 9.0881 0 0 -0.8358 0.3616 0.4132
-82.1259 16.8348 18.0881 0 0 -0.5991 0.498 0.627
-82.1259 16.8348 -16.4291 1 0 -0.5991 0.498 -0.627
-98.3259 0.2504 9.0881 0 1 -0.6829 -0.6098 0.4024
-82.1259 0.2934 18.0881 0 1 -0.285 -0.6816 0.674
-82.1259 16.8348 18.0881 0 0 -0.5991 0.498 0.627
7.8721 0 29.5881 1 1 0.6719 0.6514 0.3523
7.8721 0 29.5881 1 1 0 -0.9956 0.0935
7.8721 0 -27.9291 0 1 0 -0.9956 -0.0935
7.8721 46.0666 -27.9291 0 0 0.6719 -0.6514 -0.3523
7.8721 46.0666 -27.9291 0 0 0.0068 0.9946 -0.1036
7.8721 46.0666 29.5881 1 0 0.0068 0.9946 0.1036
-1.2279 9.1 -75.9291 1 1 0.6478 0.5118 0.5643
-1.2279 9.1 -75.9291 1 1 0.0158 -0.6504 -0.7594
-1.2279 36.9666 -75.9291 1 0 0.0158 0.6504 -0.7594
-1.2279 36.9666 77.5881 0 0 0.6478 -0.5118 -0.5643
-1.2279 36.9666 77.5881 0 0 0.0158 0.6504 0.7594
-1.2279 9.1 77.5881 0 1 0.0158 -0.6504 0.7594
-1.2279 9.1 77.5881 0 1 0.6478 0.5118 -0.5643
-1.2279 9.1 77.5881 0 1 0.0158 -0.6504 0.7594
7.8721 0 29.5881 0 1 0 -0.9956 0.0935
7.8721 0 -27.9291 1 1 0.6719 0.6514 -0.3523
7.8721 0 -27.9291 1 1 0 -0.9956 -0.0935
-1.2279 9.1 -75.9291 1 1 0.0158 -0.6504 -0.7594
-1.2279 36.9666 -75.9291 1 0 0.6478 -0.5118 0.5643
-1.2279 36.9666 -75.9291 1 0 0.0158 0.6504 -0.7594
7.8721 46.0666 -27.9291 1 0 0.0068 0.9946 -0.1036
7.8721 46.0666 29.5881 0 0 0.6719 -0.6514 0.3523
7.8721 46.0666 29.5881 0 0 0.0068 0.9946 0.1036
-1.2279 36.9666 77.5881 0 0 0.0158 0.6504 0.7594
32.8721 8.3 21.2881 1 1 0.7146 -0.4946 0.4946
7.8721 0 29.5881 1 1 0.6719 0.6514 0.3523
7.8721 0 -27.9291 0 1 0.6719 0.6514 -0.3523
32.8721 37.7666 21.2881 1 0 0.7146 0.4946 0.4946
7.8721 46.0666 29.5881 1 0 0.6719 -0.6514 0.3523
7.8721 0 29.5881 1 1 0.6719 0.6514 0.3523
32.8721 37.7666 -19.6291 0 0 0.7146 0.4946 -0.4946
7.8721 46.0666 -27.9291 0 0 0.6719 -0.6514 -0.3523
7.8721 46.0666 29.5881 1 0 0.6719 -0.6514 0.3523
32.8721 8.3 -19.6291 0 1 0.7146 -0.4946 -0.4946
7.8721 0 -27.9291 0 1 0.6719 0.6514 -0.3523
7.8721 46.0666 -27.9291 0 0 0.6719 -0.6514 -0.3523
33.8721 14.8 14.7881 1 1 0.9381 0.245 -0.245
32.8721 8.3 21.2881 1 1 0.7146 -0.4946 0.4946
32.8721 8.3 -19.6291 0 1 0.7146 -0.4946 -0.4946
33.8721 31.2666 14.7881 1 0 0.9381 -0.245 -0.245
32.8721 37.7666 21.2881 1 0 0.7146 0.4946 0.4946
32.8721 8.3 21.2881 1 1 0.7146 -0.4946 0.4946
33.8721 31.2666 -13.1291 0 0 0.9381 -0.245 0.245
32.8721 37.7666 -19.6291 0 0 0.7146 0.4946 -0.4946
32.8721 37.7666 21.2881 1 0 0.7146 0.4946 0.4946
33.8721 14.8 -13.1291 0 1 0.9381 0.245 0.245
32.8721 8.3 -19.6291 0 1 0.7146 -0.4946 -0.4946
32.8721 37.7666 -19.6291 0 0 0.7146 0.4946 -0.4946
18.5721 14.8 14.7881 1 1 0.5774 0.5774 -0.5774
33.8721 14.8 14.7881 1 1 0.9381 0.245 -0.245
33.8721 14.8 -13.1291 0 1 0.9381 0.245 0.245
18.5721 31.2666 14.7881 1 0 0.5774 -0.5774 -0.5774
33.8721 31.2666 14.7881 1 0 0.9381 -0.245 -0.245
33.8721 14.8 14.7881 1 1 0.9381 0.245 -0.245
18.5721 31.2666 -13.1291 0 0 0.5774 -0.5774 0.5774
33.8721 31.2666 -13.1291 0 0 0.9381 -0.245 0.245
33.8721 31.2666 14.7881 1 0 0.9381 -0.245 -0.245
18.5721 14.8 -13.1291 0 1 0.5774 0.5774 0.5774
33.8721 14.8 -13.1291 0 1 0.9381 0.245 0.245
33.8721 31.2666 -13.1291 0 0 0.9381 -0.245 0.245
-5.0279 21.5998 -76.9291 1 1 0.4237 -0.4651 -0.7773
-1.2279 9.1 -75.9291 1 1 0.0158 -0.6504 -0.7594
-34.0259 9.1 -75.9291 0 1 -0.5048 -0.5489 -0.6663
-5.0279 24.4669 -76.9291 1 0 0.4237 0.4651 -0.7773
-1.2279 36.9666 -75.9291 1 0 0.0158 0.6504 -0.7594
-1.2279 9.1 -75.9291 1 1 0.0158 -0.6504 -0.7594
-30.2259 24.4669 -76.9291 0 0 -0.3489 0.1983 -0.9159
-34.0259 36.9666 -75.9291 0 0 -0.5048 0.5489 -0.6663
-1.2279 36.9666 -75.9291 1 0 0.0158 0.6504 -0.7594
-30.2259 21.5998 -76.9291 0 1 -0.3489 -0.1983 -0.9159
-34.0259 9.1 -75.9291 0 1 -0.5048 -0.5489 -0.6663
-34.0259 36.9666 -75.9291 0 0 -0.5048 0.5489 -0.6663
-30.2259 21.5998 78.5881 1 1 -0.3489 -0.1983 0.9159
-34.0259 9.1 77.5881 1 1 -0.5048 -0.5489 0.6663
-1.2279 9.1 77.5881 0 1 0.0158 -0.6504 0.7594
-30.2259 24.4669 78.5881 1 0 -0.3489 0.1983 0.9159
-34.0259 36.9666 77.5881 1 0 -0.5048 0.5489 0.6663
-34.0259 9.1 77.5881 1 1 -0.5048 -0.5489 0.6663
-5.0279 24.4669 78.5881 0 0 0.4237 0.4651 0.7773
-1.2279 36.9666 77.5881 0 0 0.0158 0.6504 0.7594
-34.0259 36.9666 77.5881 1 0 -0.5048 0.5489 0.6663
-5.0279 21.5998 78.5881 0 1 0.4237 -0.4651 0.7773
-1.2279 9.1 77.5881 0 1 0.0158 -0.6504 0.7594
-1.2279 36.9666 77.5881 0 0 0.0158 0.6504 0.7594
3.7892 21.5998 -91.4291 1 1 0.6322 -0.7012 0.3296
-5.0279 21.5998 -76.9291 1 1 0.4237 -0.4651 -0.7773
-30.2259 21.5998 -76.9291 0 1 -0.3489 -0.1983 -0.9159
3.7892 24.4669 -91.4291 1 0 0.6322 0.7012 0.3296
-5.0279 24.4669 -76.9291 1 0 0.4237 0.4651 -0.7773
-5.0279 21.5998 -76.9291 1 1 0.4237 -0.4651 -0.7773
-21.4088 24.4669 -91.4291 0 0 -0.6053 0.715 -0.3499
-30.2259 24.4669 -76.9291 0 0 -0.3489 0.1983 -0.9159
-5.0279 24.4669 -76.9291 1 0 0.4237 0.4651 -0.7773
-21.4088 21.5998 -91.4291 0 1 -0.6053 -0.715 -0.3499
-30.2259 21.5998 -76.9291 0 1 -0.3489 -0.1983 -0.9159
-30.2259 24.4669 -76.9291 0 0 -0.3489 0.1983 -0.9159
-21.4088 21.5998 93.0881 1 1 -0.6053 -0.715 0.3499
-30.2259 21.5998 78.5881 1 1 -0.3489 -0.1983 0.9159
-5.0279 21.5998 78.5881 0 1 0.4237 -0.4651 0.7773
-21.4088 24.4669 93.0881 1 0 -0.6053 0.715 0.3499
-30.2259 24.4669 78.5881 1 0 -0.3489 0.1983 0.9159
-30.2259 21.5998 78.5881 1 1 -0.3489 -0.1983 0.9159
3.7892 24.4669 93.0881 0 0 0.6322 0.7012 -0.3296
-5.0279 24.4669 78.5881 0 0 0.4237 0.4651 0.7773
-30.2259 24.4669 78.5881 1 0 -0.3489 0.1983 0.9159
3.7892 21.5998 93.0881 0 1 0.6322 -0.7012 -0.3296
-5.0279 21.5998 78.5881 0 1 0.4237 -0.4651 0.7773
-5.0279 24.4669 78.5881 0 0 0.4237 0.4651 0.7773
25.6695 22.7998 -137.429 1 1 0.7042 -0.551 -0.4477
3.7892 21.5998 -91.4291 1 1 0.6322 -0.7012 0.3296
-21.4088 21.5998 -91.4291 0 1 -0.6053 -0.715 -0.3499
25.6695 23.2669 -137.429 1 0 0.7042 0.551 -0.4477
3.7892 24.4669 -91.4291 1 0 0.6322 0.7012 0.3296
3.7892 21.5998 -91.4291 1 1 0.6322 -0.7012 0.3296
2.8715 23.2669 -137.429 0 0 -0.41 0.5979 -0.6888
-21.4088 24.4669 -91.4291 0 0 -0.6053 0.715 -0.3499
3.7892 24.4669 -91.4291 1 0 0.6322 0.7012 0.3296
2.8715 22.7998 -137.429 0 1 -0.41 -0.5979 -0.6888
-21.4088 21.5998 -91.4291 0 1 -0.6053 -0.715 -0.3499
-21.4088 24.4669 -91.4291 0 0 -0.6053 0.715 -0.3499
2.8715 22.7998 139.088 1 1 -0.41 -0.5979 0.6888
-21.4088 21.5998 93.0881 1 1 -0.6053 -0.715 0.3499
3.7892 21.5998 93.0881 0 1 0.6322 -0.7012 -0.3296
2.8715 23.2669 139.088 1 0 -0.41 0.5979 0.6888
-21.4088 24.4669 93.0881 1 0 -0.6053 0.715 0.3499
-21.4088 21.5998 93.0881 1 1 -0.6053 -0.715 0.3499
25.6695 23.2669 139.088 0 0 0.7042 0.551 0.4477
3.7892 24.4669 93.0881 0 0 0.6322 0.7012 -0.3296
-21.4088 24.4669 93.0881 1 0 -0.6053 0.715 0.3499
25.6695 22.7998 139.088 0 1 0.7042 -0.551 0.4477
3.7892 21.5998 93.0881 0 1 0.6322 -0.7012 -0.3296
3.7892 24.4669 93.0881 0 0 0.6322 0.7012 -0.3296
5.9245 47.0666 -4.4156 1 1 0.5433 0.702 -0.4604
7.8721 46.0666 -27.9291 1 1 0.0068 0.9946 -0.1036
-43.1259 46.0666 -27.9291 0 1 -0.4983 0.8188 -0.2851
5.9245 47.0666 6.0746 1 0 0.5433 0.702 0.4604
7.8721 46.0666 29.5881 1 0 0.0068 0.9946 0.1036
7.8721 46.0666 -27.9291 1 1 0.0068 0.9946 -0.1036
-41.1783 47.0666 6.0746 0 0 -0.4448 0.8794 0.1699
-43.1259 46.0666 29.5881 0 0 -0.4983 0.8188 0.2851
7.8721 46.0666 29.5881 1 0 0.0068 0.9946 0.1036
-41.1783 47.0666 -4.4156 0 1 -0.4448 0.8794 -0.1699
-43.1259 46.0666 -27.9291 0 1 -0.4983 0.8188 -0.2851
-43.1259 46.0666 29.5881 0 0 -0.4983 0.8188 0.2851
18.3797 64.4666 -4.4156 1 1 0.5618 -0.4211 -0.7121
5.9245 47.0666 -4.4156 1 1 0.5433 0.702 -0.4604
-41.1783 47.0666 -4.4156 0 1 -0.4448 0.8794 -0.1699
18.3797 64.4666 6.0746 1 0 0.5618 -0.4211 0.7121
5.9245 47.0666 6.0746 1 0 0.5433 0.702 0.4604
5.9245 47.0666 -4.4156 1 1 0.5433 0.702 -0.4604
-28.7231 64.4666 6.0746 0 0 -0.5697 0.427 0.7022
-41.1783 47.0666 6.0746 0 0 -0.4448 0.8794 0.1699
5.9245 47.0666 6.0746 1 0 0.5433 0.702 0.4604
-28.7231 64.4666 -4.4156 0 1 -0.5697 0.427 -0.7022
-41.1783 47.0666 -4.4156 0 1 -0.4448 0.8794 -0.1699
-41.1783 47.0666 6.0746 0 0 -0.4448 0.8794 0.1699
35.6359 86.4666 -4.4156 1 1 0.7509 0.3653 -0.5502
18.3797 64.4666 -4.4156 1 1 0.5618 -0.4211 -0.7121
-28.7231 64.4666 -4.4156 0 1 -0.5697 0.427 -0.7022
35.6359 86.4666 6.0746 1 0 0.7509 0.3653 0.5502
18.3797 64.4666 6.0746 1 0 0.5618 -0.4211 0.7121
18.3797 64.4666 -4.4156 1 1 0.5618 -0.4211 -0.7121
-11.4669 86.4666 6.0746 0 0 -0.3431 0.7051 0.6206
-28.7231 64.4666 6.0746 0 0 -0.5697 0.427 0.7022
18.3797 64.4666 6.0746 1 0 0.5618 -0.4211 0.7121
-11.4669 86.4666 -4.4156 0 1 -0.3431 0.7051 -0.6206
-28.7231 64.4666 -4.4156 0 1 -0.5697 0.427 -0.7022
-28.7231 64.4666 6.0746 0 0 -0.5697 0.427 0.7022
