Vertex Count: 564

Data:

7.8721 0 29.5881 0 0 0 -1 0
-43.1259 0 29.5881 1 0 0 -1 0
-43.1259 0 -27.9291 1 1 0 -1 0
-43.1259 0 -27.9291 1 1 0 -1 0
7.8721 0 -27.9291 0 1 0 -1 0
7.8721 0 29.5881 0 0 0 -1 0
35.6359 86.4666 6.0746 1 0 0 1 0
35.6359 86.4666 -4.4156 1 1 0 1 0
-11.4669 86.4666 -4.4156 0 1 0 1 0
-11.4669 86.4666 -4.4156 0 1 0 1 0
-11.4669 86.4666 6.0746 0 0 0 1 0
35.6359 86.4666 6.0746 1 0 0 1 0
25.6695 23.2669 -137.429 1 0 0 0 -1
25.6695 22.7998 -137.429 1 1 0 0 -1
2.8715 22.7998 -137.429 0 1 0 0 -1
2.8715 22.7998 -137.429 0 1 0 0 -1
2.8715 23.2669 -137.429 0 0 0 0 -1
25.6695 23.2669 -137.429 1 0 0 0 -1
18.5721 31.2666 14.7881 1 0 1 0 0
18.5721 14.8 14.7881 1 1 1 0 0
18.5721 14.8 -13.1291 0 1 1 0 0
18.5721 14.8 -13.1291 0 1 1 0 0
18.5721 31.2666 -13.1291 0 0 1 0 0
18.5721 31.2666 14.7881 1 0 1 0 0
2.8715 23.2669 139.088 1 0 0 0 1
2.8715 22.7998 139.088 1 1 0 0 1
25.6695 22.7998 139.088 0 1 0 0 1
25.6695 22.7998 139.088 0 1 0 0 1
25.6695 23.2669 139.088 0 0 0 0 1
2.8715 23.2669 139.088 1 0 0 0 1
-98.3259 5.317 -7.4291 1 0 -1 0 0
-98.3259 0.2504 -7.4291 1 1 -1 0 0
-98.3259 0.2504 9.0881 0 1 -1 0 0
-98.3259 0.2504 9.0881 0 1 -1 0 0
-98.3259 5.317 9.0881 0 0 -1 0 0
-98.3259 5.317 -7.4291 1 0 -1 0 0
-34.0259 9.1 77.5881 1 1 0 -0.9825 0.1863
-43.1259 0 29.5881 1 1 0 -0.9825 0.1863
7.8721 0 29.5881 0 1 0 -0.9825 0.1863
7.8721 0 29.5881 0 1 0 -0.9825 0.1863
-1.2279 9.1 77.5881 0 1 0 -0.9825 0.1863
-34.0259 9.1 77.5881 1 1 0 -0.9825 0.1863
-1.2279 9.1 -75.9291 1 1 0 -0.9825 -0.1863
7.8721 0 -27.9291 1 1 0 -0.9825 -0.1863
-43.1259 0 -27.9291 0 1 0 -0.9825 -0.1863
-43.1259 0 -27.9291 0 1 0 -0.9825 -0.1863
-34.0259 9.1 -75.9291 0 1 0 -0.9825 -0.1863
-1.2279 9.1 -75.9291 1 1 0 -0.9825 -0.1863
-34.0259 36.9666 -75.9291 0 0 0 0.9825 -0.1863
-43.1259 46.0666 -27.9291 0 0 0 0.9825 -0.1863
7.8721 46.0666 -27.9291 1 0 0 0.9825 -0.1863
7.8721 46.0666 -27.9291 1 0 0 0.9825 -0.1863
-1.2279 36.9666 -75.9291 1 0 0 0.9825 -0.1863
-34.0259 36.9666 -75.9291 0 0 0 0.9825 -0.1863
-1.2279 36.9666 77.5881 0 0 0 0.9825 0.1863
7.8721 46.0666 29.5881 0 0 0 0.9825 0.1863
-43.1259 46.0666 29.5881 1 0 0 0.9825 0.1863
-43.1259 46.0666 29.5881 1 0 0 0.9825 0.1863
-34.0259 36.9666 77.5881 1 0 0 0.9825 0.1863
-1.2279 36.9666 77.5881 0 0 0 0.9825 0.1863
-1.2279 36.9666 -75.9291 1 0 0.9825 0 -0.1863
7.8721 46.0666 -27.9291 1 0 0.9825 0 -0.1863
7.8721 0 -27.9291 1 1 0.9825 0 -0.1863
7.8721 0 -27.9291 1 1 0.9825 0 -0.1863
-1.2279 9.1 -75.9291 1 1 0.9825 0 -0.1863
-1.2279 36.9666 -75.9291 1 0 0.9825 0 -0.1863
-14.7615 16.0798 -63.7273 0 1 -0.9825 0 -0.1863
-20.7323 10.1091 -32.2333 0 1 -0.9825 0 -0.1863
-20.7323 35.9575 -32.2333 0 0 -0.9825 0 -0.1863
-20.7323 35.9575 -32.2333 0 0 -0.9825 -0 -0.1863
-14.7615 29.9868 -63.7273 0 0 -0.9825 -0 -0.1863
-14.7615 16.0798 -63.7273 0 1 -0.9825 -0 -0.1863
-1.2279 9.1 77.5881 0 1 0.9825 0 0.1863
7.8721 0 29.5881 0 1 0.9825 0 0.1863
7.8721 46.0666 29.5881 0 0 0.9825 0 0.1863
7.8721 46.0666 29.5881 0 0 0.9825 0 0.1863
-1.2279 36.9666 77.5881 0 0 0.9825 0 0.1863
-1.2279 9.1 77.5881 0 1 0.9825 0 0.1863
-14.7615 29.9868 65.3863 1 0 -0.9825 0 0.1863
-20.7323 35.9575 33.8923 1 0 -0.9825 0 0.1863
-20.7323 10.1091 33.8923 1 1 -0.9825 0 0.1863
-20.7323 10.1091 33.8923 1 1 -0.9825 -0 0.1863
-14.7615 16.0798 65.3863 1 1 -0.9825 -0 0.1863
-14.7615 29.9868 65.3863 1 0 -0.9825 -0 0.1863
-36.573 29.9868 -67.8624 0 0 -0.9536 0 -0.3011
-34.0259 36.9666 -75.9291 0 0 -0.9536 0 -0.3011
-34.0259 9.1 -75.9291 0 1 -0.9536 0 -0.3011
-34.0259 9.1 -75.9291 0 1 -0.9536 -0 -0.3011
-36.573 16.0798 -67.8624 0 1 -0.9536 -0 -0.3011
-36.573 29.9868 -67.8624 0 0 -0.9536 -0 -0.3011
-36.573 16.0798 69.5214 1 1 -0.9536 0 0.3011
-34.0259 9.1 77.5881 1 1 -0.9536 0 0.3011
-34.0259 36.9666 77.5881 1 0 -0.9536 0 0.3011
-34.0259 36.9666 77.5881 1 0 -0.9536 -0 0.3011
-36.573 29.9868 69.5214 1 0 -0.9536 -0 0.3011
-36.573 16.0798 69.5214 1 1 -0.9536 -0 0.3011
-42.5437 10.1091 -36.3684 0 1 -0.9976 0 -0.0688
-43.1259 0 -27.9291 0 1 -0.9976 0 -0.0688
-43.1259 46.0666 -27.9291 0 0 -0.9976 0 -0.0688
-43.1259 46.0666 -27.9291 0 0 -0.9976 0 -0.0688
-42.5437 35.9575 -36.3684 0 0 -0.9976 0 -0.0688
-42.5437 10.1091 -36.3684 0 1 -0.9976 0 -0.0688
-42.5437 35.9575 38.0274 1 0 -0.9976 0 0.0688
-43.1259 46.0666 29.5881 1 0 -0.9976 0 0.0688
-43.1259 0 29.5881 1 1 -0.9976 0 0.0688
-43.1259 0 29.5881 1 1 -0.9976 0 0.0688
-42.5437 10.1091 38.0274 1 1 -0.9976 0 0.0688
-42.5437 35.9575 38.0274 1 0 -0.9976 0 0.0688
-42.5437 10.1091 38.0274 1 1 -0.9716 -0.1162 0.2062
-43.1259 0 29.5881 1 1 -0.9716 -0.1162 0.2062
-34.0259 9.1 77.5881 1 1 -0.9716 -0.1162 0.2062
-34.0259 9.1 77.5881 1 1 -0.9716 -0.1162 0.2062
-36.573 16.0798 69.5214 1 1 -0.9716 -0.1162 0.2062
-42.5437 10.1091 38.0274 1 1 -0.9716 -0.1162 0.2062
-36.573 16.0798 -67.8624 0 1 -0.9716 -0.1162 -0.2062
-34.0259 9.1 -75.9291 0 1 -0.9716 -0.1162 -0.2062
-43.1259 0 -27.9291 0 1 -0.9716 -0.1162 -0.2062
-43.1259 0 -27.9291 0 1 -0.9716 -0.1162 -0.2062
-42.5437 10.1091 -36.3684 0 1 -0.9716 -0.1162 -0.2062
-36.573 16.0798 -67.8624 0 1 -0.9716 -0.1162 -0.2062
-42.5437 35.9575 -36.3684 0 0 -0.9716 0.1162 -0.2062
-43.1259 46.0666 -27.9291 0 0 -0.9716 0.1162 -0.2062
-34.0259 36.9666 -75.9291 0 0 -0.9716 0.1162 -0.2062
-34.0259 36.9666 -75.9291 0 0 -0.9716 0.1162 -0.2062
-36.573 29.9868 -67.8624 0 0 -0.9716 0.1162 -0.2062
-42.5437 35.9575 -36.3684 0 0 -0.9716 0.1162 -0.2062
-36.573 29.9868 69.5214 1 0 -0.9716 0.1162 0.2062
-34.0259 36.9666 77.5881 1 0 -0.9716 0.1162 0.2062
-43.1259 46.0666 29.5881 1 0 -0.9716 0.1162 0.2062
-43.1259 46.0666 29.5881 1 0 -0.9716 0.1162 0.2062
-42.5437 35.9575 38.0274 1 0 -0.9716 0.1162 0.2062
-36.573 29.9868 69.5214 1 0 -0.9716 0.1162 0.2062
-20.7323 10.1091 -32.2333 0 1 0.1863 0 -0.9825
-42.5437 10.1091 -36.3684 0 1 0.1863 0 -0.9825
-42.5437 35.9575 -36.3684 0 0 0.1863 0 -0.9825
-42.5437 35.9575 -36.3684 0 0 0.1863 0 -0.9825
-20.7323 35.9575 -32.2333 0 0 0.1863 0 -0.9825
-20.7323 10.1091 -32.2333 0 1 0.1863 0 -0.9825
-14.7615 16.0798 -63.7273 0 1 -0.0341 0.9831 0.1799
-36.573 16.0798 -67.8624 0 1 -0.0341 0.9831 0.1799
-42.5437 10.1091 -36.3684 0 1 -0.0341 0.9831 0.1799
-42.5437 10.1091 -36.3684 0 1 -0.0341 0.9831 0.1799
-20.7323 10.1091 -32.2333 0 1 -0.0341 0.9831 0.1799
-14.7615 16.0798 -63.7273 0 1 -0.0341 0.9831 0.1799
-14.7615 29.9868 -63.7273 0 0 -0.1863 0 0.9825
-36.573 29.9868 -67.8624 0 0 -0.1863 0 0.9825
-36.573 16.0798 -67.8624 0 1 -0.1863 0 0.9825
-36.573 16.0798 -67.8624 0 1 -0.1863 0 0.9825
-14.7615 16.0798 -63.7273 0 1 -0.1863 0 0.9825
-14.7615 29.9868 -63.7273 0 0 -0.1863 0 0.9825
-20.7323 35.9575 -32.2333 0 0 -0.0341 -0.9831 0.1799
-42.5437 35.9575 -36.3684 0 0 -0.0341 -0.9831 0.1799
-36.573 29.9868 -67.8624 0 0 -0.0341 -0.9831 0.1799
-36.573 29.9868 -67.8624 0 0 -0.0341 -0.9831 0.1799
-14.7615 29.9868 -63.7273 0 0 -0.0341 -0.9831 0.1799
-20.7323 35.9575 -32.2333 0 0 -0.0341 -0.9831 0.1799
-20.7323 35.9575 33.8923 1 0 0.1863 0 0.9825
-42.5437 35.9575 38.0274 1 0 0.1863 0 0.9825
-42.5437 10.1091 38.0274 1 1 0.1863 0 0.9825
-42.5437 10.1091 38.0274 1 1 0.1863 0 0.9825
-20.7323 10.1091 33.8923 1 1 0.1863 0 0.9825
-20.7323 35.9575 33.8923 1 0 0.1863 0 0.9825
-14.7615 29.9868 65.3863 1 0 -0.0341 -0.9831 -0.1799
-36.573 29.9868 69.5214 1 0 -0.0341 -0.9831 -0.1799
-42.5437 35.9575 38.0274 1 0 -0.0341 -0.9831 -0.1799
-42.5437 35.9575 38.0274 1 0 -0.0341 -0.9831 -0.1799
-20.7323 35.9575 33.8923 1 0 -0.0341 -0.9831 -0.1799
-14.7615 29.9868 65.3863 1 0 -0.0341 -0.9831 -0.1799
-14.7615 16.0798 65.3863 1 1 -0.1863 0 -0.9825
-36.573 16.0798 69.5214 1 1 -0.1863 0 -0.9825
-36.573 29.9868 69.5214 1 0 -0.1863 0 -0.9825
-36.573 29.9868 69.5214 1 0 -0.1863 0 -0.9825
-14.7615 29.9868 65.3863 1 0 -0.1863 0 -0.9825
-14.7615 16.0798 65.3863 1 1 -0.1863 0 -0.9825
-20.7323 10.1091 33.8923 1 1 -0.0341 0.9831 -0.1799
-42.5437 10.1091 38.0274 1 1 -0.0341 0.9831 -0.1799
-36.573 16.0798 69.5214 1 1 -0.0341 0.9831 -0.1799
-36.573 16.0798 69.5214 1 1 -0.0341 0.9831 -0.1799
-14.7615 16.0798 65.3863 1 1 -0.0341 0.9831 -0.1799
-20.7323 10.1091 33.8923 1 1 -0.0341 0.9831 -0.1799
-82.1259 0.2934 -16.4291 1 1 -0.0075 -1 0
-43.1259 0 -27.9291 1 1 -0.0075 -1 0
-43.1259 0 29.5881 0 1 -0.0075 -1 0
-43.1259 0 29.5881 0 1 -0.0075 -1 0
-82.1259 0.2934 18.0881 0 1 -0.0075 -1 0
-82.1259 0.2934 -16.4291 1 1 -0.0075 -1 0
-82.1259 16.8348 18.0881 0 0 -0.5998 0.8002 0
-43.1259 46.0666 29.5881 0 0 -0.5998 0.8002 0
-43.1259 46.0666 -27.9291 1 0 -0.5998 0.8002 0
-43.1259 46.0666 -27.9291 1 0 -0.5998 0.8002 0
-82.1259 16.8348 -16.4291 1 0 -0.5998 0.8002 0
-82.1259 16.8348 18.0881 0 0 -0.5998 0.8002 0
-82.1259 16.8348 -16.4291 1 0 -0.2828 0 -0.9592
-43.1259 46.0666 -27.9291 1 0 -0.2828 0 -0.9592
-43.1259 0 -27.9291 1 1 -0.2828 0 -0.9592
-43.1259 0 -27.9291 1 1 -0.2828 0 -0.9592
-82.1259 0.2934 -16.4291 1 1 -0.2828 0 -0.9592
-82.1259 16.8348 -16.4291 1 0 -0.2828 0 -0.9592
-82.1259 0.2934 18.0881 0 1 -0.2828 0 0.9592
-43.1259 0 29.5881 0 1 -0.2828 0 0.9592
-43.1259 46.0666 29.5881 0 0 -0.2828 0 0.9592
-43.1259 46.0666 29.5881 0 0 -0.2828 0 0.9592
-82.1259 16.8348 18.0881 0 0 -0.2828 0 0.9592
-82.1259 0.2934 18.0881 0 1 -0.2828 0 0.9592
-98.3259 0.2504 -7.4291 1 1 0.0027 -1 0
-82.1259 0.2934 -16.4291 1 1 0.0027 -1 0
-82.1259 0.2934 18.0881 0 1 0.0027 -1 0
-82.1259 0.2934 18.0881 0 1 0.0027 -1 0
-98.3259 0.2504 9.0881 0 1 0.0027 -1 0
-98.3259 0.2504 -7.4291 1 1 0.0027 -1 0
-98.3259 5.317 -7.4291 1 0 -0.4856 0 -0.8742
-82.1259 16.8348 -16.4291 1 0 -0.4856 0 -0.8742
-82.1259 0.2934 -16.4291 1 1 -0.4856 0 -0.8742
-82.1259 0.2934 -16.4291 1 1 -0.4856 0 -0.8742
-98.3259 0.2504 -7.4291 1 1 -0.4856 0 -0.8742
-98.3259 5.317 -7.4291 1 0 -0.4856 0 -0.8742
-98.3259 5.317 9.0881 0 0 -0.5795 0.815 0
-82.1259 16.8348 18.0881 0 0 -0.5795 0.815 0
-82.1259 16.8348 -16.4291 1 0 -0.5795 0.815 0
-82.1259 16.8348 -16.4291 1 0 -0.5795 0.815 0
-98.3259 5.317 -7.4291 1 0 -0.5795 0.815 0
-98.3259 5.317 9.0881 0 0 -0.5795 0.815 0
-98.3259 0.2504 9.0881 0 1 -0.4856 0 0.8742
-82.1259 0.2934 18.0881 0 1 -0.4856 0 0.8742
-82.1259 16.8348 18.0881 0 0 -0.4856 0 0.8742
-82.1259 16.8348 18.0881 0 0 -0.4856 0 0.8742
-98.3259 5.317 9.0881 0 0 -0.4856 0 0.8742
-98.3259 0.2504 9.0881 0 1 -0.4856 0 0.8742
7.8721 0 29.5881 1 1 0 0 0
7.8721 0 29.5881 1 1 0 0 0
7.8721 0 -27.9291 0 1 0 0 0
7.8721 0 -27.9291 0 1 0 0 0
7.8721 0 -27.9291 0 1 0 0 0
7.8721 0 29.5881 1 1 0 0 0
7.8721 46.0666 -27.9291 0 0 0 0 0
7.8721 46.0666 -27.9291 0 0 0 0 0
7.8721 46.0666 29.5881 1 0 0 0 0
7.8721 46.0666 29.5881 1 0 0 0 0
7.8721 46.0666 29.5881 1 0 0 0 0
7.8721 46.0666 -27.9291 0 0 0 0 0
-1.2279 9.1 -75.9291 1 1 0 0 0
-1.2279 9.1 -75.9291 1 1 0 0 0
-1.2279 36.9666 -75.9291 1 0 0 0 0
-1.2279 36.9666 -75.9291 1 0 0 0 0
-1.2279 36.9666 -75.9291 1 0 0 0 0
-1.2279 9.1 -75.9291 1 1 0 0 0
-1.2279 36.9666 77.5881 0 0 0 0 0
-1.2279 36.9666 77.5881 0 0 0 0 0
-1.2279 9.1 77.5881 0 1 0 0 0
-1.2279 9.1 77.5881 0 1 0 0 0
-1.2279 9.1 77.5881 0 1 0 0 0
-1.2279 36.9666 77.5881 0 0 0 0 0
-1.2279 9.1 77.5881 0 1 0 0 0
-1.2279 9.1 77.5881 0 1 0 0 0
7.8721 0 29.5881 0 1 0 0 0
7.8721 0 29.5881 0 1 0 0 0
7.8721 0 29.5881 0 1 0 0 0
-1.2279 9.1 77.5881 0 1 0 0 0
7.8721 0 -27.9291 1 1 0 0 0
7.8721 0 -27.9291 1 1 0 0 0
-1.2279 9.1 -75.9291 1 1 0 0 0
-1.2279 9.1 -75.9291 1 1 0 0 0
-1.2279 9.1 -75.9291 1 1 0 0 0
7.8721 0 -27.9291 1 1 0 0 0
-1.2279 36.9666 -75.9291 1 0 0 0 0
-1.2279 36.9666 -75.9291 1 0 0 0 0
7.8721 46.0666 -27.9291 1 0 0 0 0
7.8721 46.0666 -27.9291 1 0 0 0 0
7.8721 46.0666 -27.9291 1 0 0 0 0
-1.2279 36.9666 -75.9291 1 0 0 0 0
7.8721 46.0666 29.5881 0 0 0 0 0
7.8721 46.0666 29.5881 0 0 0 0 0
-1.2279 36.9666 77.5881 0 0 0 0 0
-1.2279 36.9666 77.5881 0 0 0 0 0
-1.2279 36.9666 77.5881 0 0 0 0 0
7.8721 46.0666 29.5881 0 0 0 0 0
32.8721 8.3 21.2881 1 1 0.3151 -0.9491 0
7.8721 0 29.5881 1 1 0.3151 -0.9491 0
7.8721 0 -27.9291 0 1 0.3151 -0.9491 0
7.8721 0 -27.9291 0 1 0.3151 -0.9491 0
32.8721 8.3 -19.6291 0 1 0.3151 -0.9491 0
32.8721 8.3 21.2881 1 1 0.3151 -0.9491 0
32.8721 37.7666 21.2881 1 0 0.3151 0 0.9491
7.8721 46.0666 29.5881 1 0 0.3151 0 0.9491
7.8721 0 29.5881 1 1 0.3151 0 0.9491
7.8721 0 29.5881 1 1 0.3151 0 0.9491
32.8721 8.3 21.2881 1 1 0.3151 0 0.9491
32.8721 37.7666 21.2881 1 0 0.3151 0 0.9491
32.8721 37.7666 -19.6291 0 0 0.3151 0.9491 0
7.8721 46.0666 -27.9291 0 0 0.3151 0.9491 0
7.8721 46.0666 29.5881 1 0 0.3151 0.9491 0
7.8721 46.0666 29.5881 1 0 0.3151 0.9491 0
32.8721 37.7666 21.2881 1 0 0.3151 0.9491 0
32.8721 37.7666 -19.6291 0 0 0.3151 0.9491 0
32.8721 8.3 -19.6291 0 1 0.3151 0 -0.9491
7.8721 0 -27.9291 0 1 0.3151 0 -0.9491
7.8721 46.0666 -27.9291 0 0 0.3151 0 -0.9491
7.8721 46.0666 -27.9291 0 0 0.3151 0 -0.9491
32.8721 37.7666 -19.6291 0 0 0.3151 0 -0.9491
32.8721 8.3 -19.6291 0 1 0.3151 0 -0.9491
33.8721 14.8 14.7881 1 1 0.9884 -0.1521 0
32.8721 8.3 21.2881 1 1 0.9884 -0.1521 0
32.8721 8.3 -19.6291 0 1 0.9884 -0.1521 0
32.8721 8.3 -19.6291 0 1 0.9884 -0.1521 0
33.8721 14.8 -13.1291 0 1 0.9884 -0.1521 0
33.8721 14.8 14.7881 1 1 0.9884 -0.1521 0
33.8721 31.2666 14.7881 1 0 0.9884 0 0.1521
32.8721 37.7666 21.2881 1 0 0.9884 0 0.1521
32.8721 8.3 21.2881 1 1 0.9884 0 0.1521
32.8721 8.3 21.2881 1 1 0.9884 0 0.1521
33.8721 14.8 14.7881 1 1 0.9884 0 0.1521
33.8721 31.2666 14.7881 1 0 0.9884 0 0.1521
33.8721 31.2666 -13.1291 0 0 0.9884 0.1521 0
32.8721 37.7666 -19.6291 0 0 0.9884 0.1521 0
32.8721 37.7666 21.2881 1 0 0.9884 0.1521 0
32.8721 37.7666 21.2881 1 0 0.9884 0.1521 0
33.8721 31.2666 14.7881 1 0 0.9884 0.1521 0
33.8721 31.2666 -13.1291 0 0 0.9884 0.1521 0
33.8721 14.8 -13.1291 0 1 0.9884 0 -0.1521
32.8721 8.3 -19.6291 0 1 0.9884 0 -0.1521
32.8721 37.7666 -19.6291 0 0 0.9884 0 -0.1521
32.8721 37.7666 -19.6291 0 0 0.9884 0 -0.1521
33.8721 31.2666 -13.1291 0 0 0.9884 0 -0.1521
33.8721 14.8 -13.1291 0 1 0.9884 0 -0.1521
18.5721 14.8 14.7881 1 1 0 1 0
33.8721 14.8 14.7881 1 1 0 1 0
33.8721 14.8 -13.1291 0 1 0 1 0
33.8721 14.8 -13.1291 0 1 0 1 0
18.5721 14.8 -13.1291 0 1 0 1 0
18.5721 14.8 14.7881 1 1 0 1 0
18.5721 31.2666 14.7881 1 0 0 0 -1
33.8721 31.2666 14.7881 1 0 0 0 -1
33.8721 14.8 14.7881 1 1 0 0 -1
33.8721 14.8 14.7881 1 1 0 0 -1
18.5721 14.8 14.7881 1 1 0 0 -1
18.5721 31.2666 14.7881 1 0 0 0 -1
18.5721 31.2666 -13.1291 0 0 0 -1 0
33.8721 31.2666 -13.1291 0 0 0 -1 0
33.8721 31.2666 14.7881 1 0 0 -1 0
33.8721 31.2666 14.7881 1 0 0 -1 0
18.5721 31.2666 14.7881 1 0 0 -1 0
18.5721 31.2666 -13.1291 0 0 0 -1 0
18.5721 14.8 -13.1291 0 1 0 0 1
33.8721 14.8 -13.1291 0 1 0 0 1
33.8721 31.2666 -13.1291 0 0 0 0 1
33.8721 31.2666 -13.1291 0 0 0 0 1
18.5721 31.2666 -13.1291 0 0 0 0 1
18.5721 14.8 -13.1291 0 1 0 0 1
-5.0279 21.5998 -76.9291 1 1 0 -0.0797 -0.9968
-1.2279 9.1 -75.9291 1 1 0 -0.0797 -0.9968
-34.0259 9.1 -75.9291 0 1 0 -0.0797 -0.9968
-34.0259 9.1 -75.9291 0 1 0 -0.0797 -0.9968
-30.2259 21.5998 -76.9291 0 1 0 -0.0797 -0.9968
-5.0279 21.5998 -76.9291 1 1 0 -0.0797 -0.9968
-5.0279 24.4669 -76.9291 1 0 0.2545 0 -0.9671
-1.2279 36.9666 -75.9291 1 0 0.2545 0 -0.9671
-1.2279 9.1 -75.9291 1 1 0.2545 0 -0.9671
-1.2279 9.1 -75.9291 1 1 0.2545 0 -0.9671
-5.0279 21.5998 -76.9291 1 1 0.2545 0 -0.9671
-5.0279 24.4669 -76.9291 1 0 0.2545 0 -0.9671
-30.2259 24.4669 -76.9291 0 0 0 0.0797 -0.9968
-34.0259 36.9666 -75.9291 0 0 0 0.0797 -0.9968
-1.2279 36.9666 -75.9291 1 0 0 0.0797 -0.9968
-1.2279 36.9666 -75.9291 1 0 0 0.0797 -0.9968
-5.0279 24.4669 -76.9291 1 0 0 0.0797 -0.9968
-30.2259 24.4669 -76.9291 0 0 0 0.0797 -0.9968
-30.2259 21.5998 -76.9291 0 1 -0.2545 0 -0.9671
-34.0259 9.1 -75.9291 0 1 -0.2545 0 -0.9671
-34.0259 36.9666 -75.9291 0 0 -0.2545 0 -0.9671
-34.0259 36.9666 -75.9291 0 0 -0.2545 0 -0.9671
-30.2259 24.4669 -76.9291 0 0 -0.2545 0 -0.9671
-30.2259 21.5998 -76.9291 0 1 -0.2545 0 -0.9671
-30.2259 21.5998 78.5881 1 1 0 -0.0797 0.9968
-34.0259 9.1 77.5881 1 1 0 -0.0797 0.9968
-1.2279 9.1 77.5881 0 1 0 -0.0797 0.9968
-1.2279 9.1 77.5881 0 1 0 -0.0797 0.9968
-5.0279 21.5998 78.5881 0 1 0 -0.0797 0.9968
-30.2259 21.5998 78.5881 1 1 0 -0.0797 0.9968
-30.2259 24.4669 78.5881 1 0 -0.2545 0 0.9671
-34.0259 36.9666 77.5881 1 0 -0.2545 0 0.9671
-34.0259 9.1 77.5881 1 1 -0.2545 0 0.9671
-34.0259 9.1 77.5881 1 1 -0.2545 0 0.9671
-30.2259 21.5998 78.5881 1 1 -0.2545 0 0.9671
-30.2259 24.4669 78.5881 1 0 -0.2545 0 0.9671
-5.0279 24.4669 78.5881 0 0 0 0.0797 0.9968
-1.2279 36.9666 77.5881 0 0 0 0.0797 0.9968
-34.0259 36.9666 77.5881 1 0 0 0.0797 0.9968
-34.0259 36.9666 77.5881 1 0 0 0.0797 0.9968
-30.2259 24.4669 78.5881 1 0 0 0.0797 0.9968
-5.0279 24.4669 78.5881 0 0 0 0.0797 0.9968
-5.0279 21.5998 78.5881 0 1 0.2545 0 0.9671
-1.2279 9.1 77.5881 0 1 0.2545 0 0.9671
-1.2279 36.9666 77.5881 0 0 0.2545 0 0.9671
-1.2279 36.9666 77.5881 0 0 0.2545 0 0.9671
-5.0279 24.4669 78.5881 0 0 0.2545 0 0.9671
-5.0279 21.5998 78.5881 0 1 0.2545 0 0.9671
3.7892 21.5998 -91.4291 1 1 0 -1 0
-5.0279 21.5998 -76.9291 1 1 0 -1 0
-30.2259 21.5998 -76.9291 0 1 0 -1 0
-30.2259 21.5998 -76.9291 0 1 0 -1 0
-21.4088 21.5998 -91.4291 0 1 0 -1 0
3.7892 21.5998 -91.4291 1 1 0 -1 0
3.7892 24.4669 -91.4291 1 0 0.8544 0 0.5196
-5.0279 24.4669 -76.9291 1 0 0.8544 0 0.5196
-5.0279 21.5998 -76.9291 1 1 0.8544 0 0.5196
-5.0279 21.5998 -76.9291 1 1 0.8544 0 0.5196
3.7892 21.5998 -91.4291 1 1 0.8544 0 0.5196
3.7892 24.4669 -91.4291 1 0 0.8544 0 0.5196
-21.4088 24.4669 -91.4291 0 0 0 1 0
-30.2259 24.4669 -76.9291 0 0 0 1 0
-5.0279 24.4669 -76.9291 1 0 0 1 0
-5.0279 24.4669 -76.9291 1 0 0 1 0
3.7892 24.4669 -91.4291 1 0 0 1 0
-21.4088 24.4669 -91.4291 0 0 0 1 0
-21.4088 21.5998 -91.4291 0 1 -0.8544 0 -0.5196
-30.2259 21.5998 -76.9291 0 1 -0.8544 0 -0.5196
-30.2259 24.4669 -76.9291 0 0 -0.8544 0 -0.5196
-30.2259 24.4669 -76.9291 0 0 -0.8544 0 -0.5196
-21.4088 24.4669 -91.4291 0 0 -0.8544 0 -0.5196
-21.4088 21.5998 -91.4291 0 1 -0.8544 0 -0.5196
-21.4088 21.5998 93.0881 1 1 0 -1 0
-30.2259 21.5998 78.5881 1 1 0 -1 0
-5.0279 21.5998 78.5881 0 1 0 -1 0
-5.0279 21.5998 78.5881 0 1 0 -1 0
3.7892 21.5998 93.0881 0 1 0 -1 0
-21.4088 21.5998 93.0881 1 1 0 -1 0
-21.4088 24.4669 93.0881 1 0 -0.8544 0 0.5196
-30.2259 24.4669 78.5881 1 0 -0.8544 0 0.5196
-30.2259 21.5998 78.5881 1 1 -0.8544 0 0.5196
-30.2259 21.5998 78.5881 1 1 -0.8544 0 0.5196
-21.4088 21.5998 93.0881 1 1 -0.8544 0 0.5196
-21.4088 24.4669 93.0881 1 0 -0.8544 0 0.5196
3.7892 24.4669 93.0881 0 0 0 1 0
-5.0279 24.4669 78.5881 0 0 0 1 0
-30.2259 24.4669 78.5881 1 0 0 1 0
-30.2259 24.4669 78.5881 1 0 0 1 0
-21.4088 24.4669 93.0881 1 0 0 1 0
3.7892 24.4669 93.0881 0 0 0 1 0
3.7892 21.5998 93.0881 0 1 0.8544 0 -0.5196
-5.0279 21.5998 78.5881 0 1 0.8544 0 -0.5196
-5.0279 24.4669 78.5881 0 0 0.8544 0 -0.5196
-5.0279 24.4669 78.5881 0 0 0.8544 0 -0.5196
3.7892 24.4669 93.0881 0 0 0.8544 0 -0.5196
3.7892 21.5998 93.0881 0 1 0.8544 0 -0.5196
25.6695 22.7998 -137.429 1 1 0 -0.9997 -0.0261
3.7892 21.5998 -91.4291 1 1 0 -0.9997 -0.0261
-21.4088 21.5998 -91.4291 0 1 0 -0.9997 -0.0261
-21.4088 21.5998 -91.4291 0 1 0 -0.9997 -0.0261
2.8715 22.7998 -137.429 0 1 0 -0.9997 -0.0261
25.6695 22.7998 -137.429 1 1 0 -0.9997 -0.0261
25.6695 23.2669 -137.429 1 0 0.903 0 0.4295
3.7892 24.4669 -91.4291 1 0 0.903 0 0.4295
3.7892 21.5998 -91.4291 1 1 0.903 0 0.4295
3.7892 21.5998 -91.4291 1 1 0.903 0 0.4295
25.6695 22.7998 -137.429 1 1 0.903 0 0.4295
25.6695 23.2669 -137.429 1 0 0.903 0 0.4295
2.8715 23.2669 -137.429 0 0 0 0.9997 -0.0261
-21.4088 24.4669 -91.4291 0 0 0 0.9997 -0.0261
3.7892 24.4669 -91.4291 1 0 0 0.9997 -0.0261
3.7892 24.4669 -91.4291 1 0 0 0.9997 -0.0261
25.6695 23.2669 -137.429 1 0 0 0.9997 -0.0261
2.8715 23.2669 -137.429 0 0 0 0.9997 -0.0261
2.8715 22.7998 -137.429 0 1 -0.8844 0 -0.4668
-21.4088 21.5998 -91.4291 0 1 -0.8844 0 -0.4668
-21.4088 24.4669 -91.4291 0 0 -0.8844 0 -0.4668
-21.4088 24.4669 -91.4291 0 0 -0.8844 0 -0.4668
2.8715 23.2669 -137.429 0 0 -0.8844 0 -0.4668
2.8715 22.7998 -137.429 0 1 -0.8844 0 -0.4668
2.8715 22.7998 139.088 1 1 0 -0.9997 0.0261
-21.4088 21.5998 93.0881 1 1 0 -0.9997 0.0261
3.7892 21.5998 93.0881 0 1 0 -0.9997 0.0261
3.7892 21.5998 93.0881 0 1 0 -0.9997 0.0261
25.6695 22.7998 139.088 0 1 0 -0.9997 0.0261
2.8715 22.7998 139.088 1 1 0 -0.9997 0.0261
2.8715 23.2669 139.088 1 0 -0.8844 0 0.4668
-21.4088 24.4669 93.0881 1 0 -0.8844 0 0.4668
-21.4088 21.5998 93.0881 1 1 -0.8844 0 0.4668
-21.4088 21.5998 93.0881 1 1 -0.8844 0 0.4668
2.8715 22.7998 139.088 1 1 -0.8844 0 0.4668
2.8715 23.2669 139.088 1 0 -0.8844 0 0.4668
25.6695 23.2669 139.088 0 0 0 0.9997 0.0261
3.7892 24.4669 93.0881 0 0 0 0.9997 0.0261
-21.4088 24.4669 93.0881 1 0 0 0.9997 0.0261
-21.4088 24.4669 93.0881 1 0 0 0.9997 0.0261
2.8715 23.2669 139.088 1 0 0 0.9997 0.0261
25.6695 23.2669 139.088 0 0 0 0.9997 0.0261
25.6695 22.7998 139.088 0 1 0.903 0 -0.4295
3.7892 21.5998 93.0881 0 1 0.903 0 -0.4295
3.7892 24.4669 93.0881 0 0 0.903 0 -0.4295
3.7892 24.4669 93.0881 0 0 0.903 0 -0.4295
25.6695 23.2669 139.088 0 0 0.903 0 -0.4295
25.6695 22.7998 139.088 0 1 0.903 0 -0.4295
5.9245 47.0666 -4.4156 1 1 0 0.9991 -0.0425
7.8721 46.0666 -27.9291 1 1 0 0.9991 -0.0425
-43.1259 46.0666 -27.9291 0 1 0 0.9991 -0.0425
-43.1259 46.0666 -27.9291 0 1 0 0.9991 -0.0425
-41.1783 47.0666 -4.4156 0 1 0 0.9991 -0.0425
5.9245 47.0666 -4.4156 1 1 0 0.9991 -0.0425
5.9245 47.0666 6.0746 1 0 0.4568 0.8896 0
7.8721 46.0666 29.5881 1 0 0.4568 0.8896 0
7.8721 46.0666 -27.9291 1 1 0.4568 0.8896 0
7.8721 46.0666 -27.9291 1 1 0.4568 0.8896 0
5.9245 47.0666 -4.4156 1 1 0.4568 0.8896 0
5.9245 47.0666 6.0746 1 0 0.4568 0.8896 0
-41.1783 47.0666 6.0746 0 0 0 0.9991 0.0425
-43.1259 46.0666 29.5881 0 0 0 0.9991 0.0425
7.8721 46.0666 29.5881 1 0 0 0.9991 0.0425
7.8721 46.0666 29.5881 1 0 0 0.9991 0.0425
5.9245 47.0666 6.0746 1 0 0 0.9991 0.0425
-41.1783 47.0666 6.0746 0 0 0 0.9991 0.0425
-41.1783 47.0666 -4.4156 0 1 -0.4568 0.8896 0
-43.1259 46.0666 -27.9291 0 1 -0.4568 0.8896 0
-43.1259 46.0666 29.5881 0 0 -0.4568 0.8896 0
-43.1259 46.0666 29.5881 0 0 -0.4568 0.8896 0
-41.1783 47.0666 6.0746 0 0 -0.4568 0.8896 0
-41.1783 47.0666 -4.4156 0 1 -0.4568 0.8896 0
18.3797 64.4666 -4.4156 1 1 0 0 -1
5.9245 47.0666 -4.4156 1 1 0 0 -1
-41.1783 47.0666 -4.4156 0 1 0 0 -1
-41.1783 47.0666 -4.4156 0 1 0 0 -1
-28.7231 64.4666 -4.4156 0 1 0 0 -1
18.3797 64.4666 -4.4156 1 1 0 0 -1
18.3797 64.4666 6.0746 1 0 0.8131 -0.5821 0
5.9245 47.0666 6.0746 1 0 0.8131 -0.5821 0
5.9245 47.0666 -4.4156 1 1 0.8131 -0.5821 0
5.9245 47.0666 -4.4156 1 1 0.8131 -0.5821 0
18.3797 64.4666 -4.4156 1 1 0.8131 -0.5821 0
18.3797 64.4666 6.0746 1 0 0.8131 -0.5821 0
-28.7231 64.4666 6.0746 0 0 0 0 1
-41.1783 47.0666 6.0746 0 0 0 0 1
5.9245 47.0666 6.0746 1 0 0 0 1
5.9245 47.0666 6.0746 1 0 0 0 1
18.3797 64.4666 6.0746 1 0 0 0 1
-28.7231 64.4666 6.0746 0 0 0 0 1
-28.7231 64.4666 -4.4156 0 1 -0.8131 0.5821 0
-41.1783 47.0666 -4.4156 0 1 -0.8131 0.5821 0
-41.1783 47.0666 6.0746 0 0 -0.8131 0.5821 0
-41.1783 47.0666 6.0746 0 0 -0.8131 0.5821 0
-28.7231 64.4666 6.0746 0 0 -0.8131 0.5821 0
-28.7231 64.4666 -4.4156 0 1 -0.8131 0.5821 0
35.6359 86.4666 -4.4156 1 1 0 0 -1
18.3797 64.4666 -4.4156 1 1 0 0 -1
-28.7231 64.4666 -4.4156 0 1 0 0 -1
-28.7231 64.4666 -4.4156 0 1 0 0 -1
-11.4669 86.4666 -4.4156 0 1 0 0 -1
35.6359 86.4666 -4.4156 1 1 0 0 -1
35.6359 86.4666 6.0746 1 0 0.7868 -0.6172 0
18.3797 64.4666 6.0746 1 0 0.7868 -0.6172 0
18.3797 64.4666 -4.4156 1 1 0.7868 -0.6172 0
18.3797 64.4666 -4.4156 1 1 0.7868 -0.6172 0
35.6359 86.4666 -4.4156 1 1 0.7868 -0.6172 0
35.6359 86.4666 6.0746 1 0 0.7868 -0.6172 0
-11.4669 86.4666 6.0746 0 0 0 0 1
-28.7231 64.4666 6.0746 0 0 0 0 1
18.3797 64.4666 6.0746 1 0 0 0 1
18.3797 64.4666 6.0746 1 0 0 0 1
35.6359 86.4666 6.0746 1 0 0 0 1
-11.4669 86.4666 6.0746 0 0 0 0 1
-11.4669 86.4666 -4.4156 0 1 -0.7868 0.6172 0
-28.7231 64.4666 -4.4156 0 1 -0.7868 0.6172 0
-28.7231 64.4666 6.0746 0 0 -0.7868 0.6172 0
-28.7231 64.4666 6.0746 0 0 -0.7868 0.6172 0
-11.4669 86.4666 6.0746 0 0 -0.7868 0.6172 0
-11.4669 86.4666 -4.4156 0 1 -0.7868 0.6172 0
